  0.10000000000000001        39.390149256352295     
   1.0000000000000000E-002   40.613541657026659     
   1.0000000000000000E-003   40.653811781185851     
   1.0000000000000000E-004   40.655240350308418     
   1.0000000000000001E-005   40.655292074193753     
   9.9999999999999995E-007   40.655293945117918     
   9.9999999999999995E-008   40.655294012571517     
   1.0000000000000000E-008   40.655294015001047     
   1.0000000000000001E-009   40.655294015088600     
   1.0000000000000000E-010   40.655294015091741     
   9.9999999999999994E-012   581.93601706358413     
   9.9999999999999998E-013   581.95201033156241     
   1.0000000000000000E-013   582.31323543952215     
   1.0000000000000000E-014   582.31323543954386     
