           1   7.7899853335720096E-002
           2   6.9953140087283441E-002
           3  -3.1601021349483685E-002
           4 -0.22557346295948394     
           5 -0.51078906305640592     
           6 -0.88608658863362755     
           7  -1.3503185394964794     
           8  -1.9023509942276067     
           9  -2.5410634578474602     
          10  -3.2653487112561410     
          11  -4.0741126623679129     
          12  -4.9662741989728643     
          13  -5.9407650432321040     
          14  -6.9965296078754680     
          15  -8.1325248540376887     
          16  -9.3477201506664951     
          17  -10.641097135603655     
          18  -12.011649578186233     
          19  -13.458383243461633     
          20  -14.980315757930253     
          21  -16.576476476803389     
          22  -18.245906352813368     
          23  -19.987657806472424     
          24  -21.800794597841882     
          25  -23.684391699760006     
          26  -25.637535172491386     
          27  -27.659322039827639     
          28  -29.748860166587477     
          29  -31.905268137521233     
          30  -34.127675137565539     
          31  -36.415220833522120     
          32  -38.767055256990687     
          33  -41.182338688750548     
          34  -43.660241544342156     
          35  -46.199944261020960     
          36  -48.800637185997452     
          37  -51.461520465921360     
          38  -54.181803937620074     
          39  -56.960707020110711     
          40  -59.797458607824566     
          41  -62.691296965036244     
          42  -65.641469621505081     
          43  -68.647233269311485     
          44  -71.707853660836562     
          45  -74.822605507939087     
          46  -77.990772382253610     
          47  -81.211646616629224     
          48  -84.484529207691992     
          49  -87.808729719508506     
          50  -91.183566188351023     
          51  -94.608365028551376     
          52  -98.082460939394906     
          53  -101.60519681310799     
          54  -105.17592364388570     
          55  -108.79400043792192     
          56  -112.45879412450896     
          57  -116.16967946810293     
          58  -119.92603898141898     
          59  -123.72726283950732     
          60  -127.57274879478982     
          61  -131.46190209308241     
          62  -135.39413539056599     
          63  -139.36886867169366     
          64  -143.38552916802408     
          65  -147.44355127801376     
          66  -151.54237648766369     
          67  -155.68145329212751     
          68  -159.86023711816429     
          69  -164.07819024748090     
          70  -168.33478174098130     
          71  -172.62948736381855     
          72  -176.96178951134928     
          73  -181.33117713589795     
          74  -185.73714567436696     
          75  -190.17919697666181     
          76  -194.65683923493941     
          77  -199.16958691364218     
          78  -203.71696068035530     
          79  -208.29848733742014     
          80  -212.91369975434370     
          81  -217.56213680096428     
          82  -222.24334328139341     
          83  -226.95686986867960     
          84  -231.70227304024323     
          85  -236.47911501403843     
          86  -241.28696368542685     
          87  -246.12539256477837     
          88  -250.99398071578378     
          89  -255.89231269446739     
          90  -260.81997848888159     
          91  -265.77657345951445     
          92  -270.76169828033164     
          93  -275.77495888054165     
          94  -280.81596638695629     
          95  -285.88433706710299     
          96  -290.97969227286205     
          97  -296.10165838485727     
          98  -301.24986675741434     
          99  -306.42395366416588     
         100  -311.62356024425372     
         101  -316.84833244918622     
         102  -322.09792099026475     
         103  -327.37198128662601     
         104  -332.67017341385861     
         105  -337.99216205321358     
         106  -343.33761644140804     
         107  -348.70621032098171     
         108  -354.09762189121432     
         109  -359.51153375962707     
         110  -364.94763289401237     
         111  -370.40561057501878     
         112  -375.88516234928426     
         113  -381.38598798309340     
         114  -386.90779141655025     
         115  -392.45028071831467     
         116  -398.01316804081978     
         117  -403.59616957600400     
         118  -409.19900551155297     
         119  -414.82139998765194     
         120  -420.46308105422065     
         121  -426.12378062862899     
         122  -431.80323445391252     
         123  -437.50118205744877     
         124  -443.21736671012195     
         125  -448.95153538594479     
         126  -454.70343872213505     
         127  -460.47283097967858     
         128  -466.25947000428545     
         129  -472.06311718786725     
         130  -477.88353743039448     
         131  -483.72049910221205     
         132  -489.57377400680565     
         133  -495.44313734395246     
         134  -501.32836767333509     
         135  -507.22924687855232     
         136  -513.14556013153867     
         137  -519.07709585740008     
         138  -525.02364569966221     
         139  -530.98500448588879     
         140  -536.96097019372610     
         141  -542.95134391733427     
         142  -548.95592983415918     
         143  -554.97453517216127     
         144  -561.00697017735354     
         145  -567.05304808176083     
         146  -573.11258507170794     
         147  -579.18540025650691     
         148  -585.27131563748344     
         149  -591.37015607737897     
         150  -597.48174927006949     
         151  -603.60592571068707     
         152  -609.74251866604357     
         153  -615.89136414539939     
         154  -622.05230087159748     
         155  -628.22517025251443     
         156  -634.40981635281287     
         157  -640.60608586609203     
         158  -646.81382808726869     
         159  -653.03289488536882     
         160  -659.26314067657495     
         161  -665.50442239758297     
         162  -671.75659947932729     
         163  -678.01953382093814     
         164  -684.29308976405582     
         165  -690.57713406741868     
         166  -696.87153588173942     
         167  -703.17616672489908     
         168  -709.49090045740911     
         169  -715.81561325816324     
         170  -722.15018360048293     
         171  -728.49449222842816     
         172  -734.84842213339573     
         173  -741.21185853098325     
         174  -747.58468883812054     
         175  -753.96680265049042     
         176  -760.35809172018423     
         177  -766.75844993363580     
         178  -773.16777328982835     
         179  -779.58595987871661     
         180  -786.01290985993865     
         181  -792.44852544176547     
         182  -798.89271086029851     
         183  -805.34537235892037     
         184  -811.80641816795742     
         185  -818.27575848463505     
         186  -824.75330545321663     
         187  -831.23897314541000     
         188  -837.73267754100209     
         189  -844.23433650870174     
         190  -850.74386978724351     
         191  -857.26119896667262     
         192  -863.78624746991306     
         193  -870.31894053449071     
         194  -876.85920519450258     
         195  -883.40697026282089     
         196  -889.96216631346681     
         197  -896.52472566423990     
         198  -903.09458235950842     
         199  -909.67167215325799     
         200  -916.25593249228837     
         201  -922.84730249966117     
         202  -929.44572295832018     
         203  -936.05113629490165     
         204  -942.66348656375351     
         205  -949.28271943116943     
         206  -955.90878215976818     
         207  -962.54162359307179     
         208  -969.18119414031207     
         209  -975.82744576137554     
         210  -982.48033195194182     
         211  -989.13980772882155     
         212  -995.80582961545417     
         213  -1002.4783556275778     
         214  -1009.1573452591044     
         215  -1015.8427594681373     
         216  -1022.5345606631736     
         217  -1029.2327126894620     
         218  -1035.9371808155677     
         219  -1042.6479317200472     
         220  -1049.3649334783336     
         221  -1056.0881555497506     
         222  -1062.8175687647258     
         223  -1069.5531453121212     
         224  -1076.2948587267340     
         225  -1083.0426838769852     
         226  -1089.7965969527220     
         227  -1096.5565754531760     
         228  -1103.3225981750975     
         229  -1110.0946452010255     
         230  -1116.8726978876957     
         231  -1123.6567388545964     
         232  -1130.4467519726893     
         233  -1137.2427223532641     
         234  -1144.0446363369072     
         235  -1150.8524814826567     
         236  -1157.6662465572617     
         237  -1164.4859215245785     
         238  -1171.3114975351505     
         239  -1178.1429669158233     
         240  -1184.9803231596211     
         241  -1191.8235609156523     
         242  -1198.6726759791734     
         243  -1205.5276652818216     
         244  -1212.3885268819097     
         245  -1219.2552599549069     
         246  -1226.1278647839856     
         247  -1233.0063427507619     
         248  -1239.8906963260922     
         249  -1246.7809290610221     
         250  -1253.6770455778671     
         251  -1260.5790515613771     
         252  -1267.4869537500515     
         253  -1274.4007599275421     
         254  -1281.3204789141989     
         255  -1288.2461205587103     
         256  -1295.1776957298493     
         257  -1302.1152163083709     
         258  -1309.0586951789621     
         259  -1316.0081462223500     
         260  -1322.9635843074868     
         261  -1329.9250252838585     
         262  -1336.8924859739059     
         263  -1343.8659841655087     
         264  -1350.8455386046458     
         265  -1357.8311689880718     
         266  -1364.8228959561750     
         267  -1371.8207410858815     
         268  -1378.8247268836833     
         269  -1385.8348767787609     
         270  -1392.8512151161935     
         271  -1399.8737671502920     
         272  -1406.9025590379867     
         273  -1413.9376178323637     
         274  -1420.9789714762337     
         275  -1428.0266487958372     
         276  -1435.0806794946420     
         277  -1442.1410941471977     
         278  -1449.2079241931126     
         279  -1456.2812019311127     
         280  -1463.3609605131662     
         281  -1470.4472339387464     
         282  -1477.5400570491149     
         283  -1484.6394655217414     
         284  -1491.7454958648086     
         285  -1498.8581854117438     
         286  -1505.9775723159130     
         287  -1513.1036955453440     
         288  -1520.2365948775318     
         289  -1527.3763108943795     
         290  -1534.5228849771356     
         291  -1541.6763593014825     
         292  -1548.8367768326623     
         293  -1556.0041813207029     
         294  -1563.1786172956972     
         295  -1570.3601300631974     
         296  -1577.5487656996397     
         297  -1584.7445710478794     
         298  -1591.9475937127722     
         299  -1599.1578820568552     
         300  -1606.3754851960866     
         301  -1613.6004529956590     
         302  -1620.8328360658841     
         303  -1628.0726857581474     
         304  -1635.3200541609247     
         305  -1642.5749940959158     
         306  -1649.8375591141616     
         307  -1657.1078034923041     
         308  -1664.3857822288883     
         309  -1671.6715510407244     
         310  -1678.9651663593027     
         311  -1686.2666853273388     
         312  -1693.5761657952937     
         313  -1700.8936663180327     
         314  -1708.2192461515017     
         315  -1715.5529652494934     
         316  -1722.8948842604689     
         317  -1730.2450645244339     
         318  -1737.6035680698790     
         319  -1744.9704576108047     
         320  -1752.3457965437656     
         321  -1759.7296489450052     
         322  -1767.1220795676438     
         323  -1774.5231538389196     
         324  -1781.9329378575030     
         325  -1789.3514983908328     
         326  -1796.7789028725647     
         327  -1804.2152194000246     
         328  -1811.6605167317582     
         329  -1819.1148642851092     
         330  -1826.5783321338656     
         331  -1834.0509910059534     
         332  -1841.5329122812127     
         333  -1849.0241679891819     
         334  -1856.5248308069672     
         335  -1864.0349740571594     
         336  -1871.5546717058101     
         337  -1879.0839983604349     
         338  -1886.6230292681000     
         339  -1894.1718403135480     
         340  -1901.7305080173521     
         341  -1909.2991095341756     
         342  -1916.8777226510215     
         343  -1924.4664257855643     
         344  -1932.0652979845368     
         345  -1939.6744189221445     
         346  -1947.2938688985471     
         347  -1954.9237288383631     
         348  -1962.5640802892731     
         349  -1970.2150054206054     
         350  -1977.8765870220059     
         351  -1985.5489085021757     
         352  -1993.2320538875956     
         353  -2000.9261078213478     
         354  -2008.6311555619739     
         355  -2016.3472829823495     
         356  -2024.0745765686413     
         357  -2031.8131234192906     
         358  -2039.5630112440315     
         359  -2047.3243283629829     
         360  -2055.0971637057510     
         361  -2062.8816068106084     
         362  -2070.6777478236704     
         363  -2078.4856774981777     
         364  -2086.3054871937547     
         365  -2094.1372688757647     
         366  -2101.9811151146719     
         367  -2109.8371190854573     
         368  -2117.7053745670892     
         369  -2125.5859759420041     
         370  -2133.4790181956514     
         371  -2141.3845969160748     
         372  -2149.3028082935425     
         373  -2157.2337491201870     
         374  -2165.1775167897181     
         375  -2173.1342092971595     
         376  -2181.1039252386286     
         377  -2189.0867638111508     
         378  -2197.0828248125094     
         379  -2205.0922086411601     
         380  -2213.1150162961362     
         381  -2221.1513493770467     
         382  -2229.2013100840591     
         383  -2237.2650012179702     
         384  -2245.3425261802749     
         385  -2253.4339889732787     
         386  -2261.5394942002695     
         387  -2269.6591470657095     
         388  -2277.7930533754657     
         389  -2285.9413195370539     
         390  -2294.1040525599797     
         391  -2302.2813600560448     
         392  -2310.4733502397426     
         393  -2318.6801319286396     
         394  -2326.9018145438472     
         395  -2335.1385081104909     
         396  -2343.3903232582202     
         397  -2351.6573712217578     
         398  -2359.9397638414912     
         399  -2368.2376135640739     
         400  -2376.5510334431001     
         401  -2384.8801371397549     
         402  -2393.2250389235769     
         403  -2401.5858536731726     
         404  -2409.9626968770235     
         405  -2418.3556846342926     
         406  -2426.7649336556897     
         407  -2435.1905612643445     
         408  -2443.6326853967348     
         409  -2452.0914246036309     
         410  -2460.5668980510668     
         411  -2469.0592255213883     
         412  -2477.5685274142616     
         413  -2486.0949247477788     
         414  -2494.6385391595600     
         415  -2503.1994929078974     
         416  -2511.7779088729230     
         417  -2520.3739105578297     
         418  -2528.9876220901019     
         419  -2537.6191682227677     
         420  -2546.2686743357340     
         421  -2554.9362664370847     
         422  -2563.6220711644532     
         423  -2572.3262157864233     
         424  -2581.0488282039419     
         425  -2589.7900369517806     
         426  -2598.5499712000069     
         427  -2607.3287607555180     
         428  -2616.1265360635643     
         429  -2624.9434282093430     
         430  -2633.7795689195850     
         431  -2642.6350905642153     
         432  -2651.5101261579885     
         433  -2660.4048093622014     
         434  -2669.3192744864041     
         435  -2678.2536564901752     
         436  -2687.2080909848792     
         437  -2696.1827142354973     
         438  -2705.1776631624634     
         439  -2714.1930753435317     
         440  -2723.2290890156805     
         441  -2732.2858430770439     
         442  -2741.3634770888648     
         443  -2750.4621312774866     
         444  -2759.5819465363643     
         445  -2768.7230644281221     
         446  -2777.8856271866098     
         447  -2787.0697777190089     
         448  -2796.2756596079798     
         449  -2805.5034171138050     
         450  -2814.7531951765864     
         451  -2824.0251394184497     
         452  -2833.3193961458069     
         453  -2842.6361123516126     
         454  -2851.9754357176821     
         455  -2861.3375146170097     
         456  -2870.7224981161312     
         457  -2880.1305359775133     
         458  -2889.5617786619605     
         459  -2899.0163773310633     
         460  -2908.4944838496726     
         461  -2917.9962507883879     
         462  -2927.5218314260928     
         463  -2937.0713797525082     
         464  -2946.6450504707814     
         465  -2956.2429990000778     
         466  -2965.8653814782365     
         467  -2975.5123547644348     
         468  -2985.1840764418780     
         469  -2994.8807048205258     
         470  -3004.6023989398304     
         471  -3014.3493185715370     
         472  -3024.1216242224596     
         473  -3033.9194771373504     
         474  -3043.7430393017230     
         475  -3053.5924734447690     
         476  -3063.4679430422643     
         477  -3073.3696123195064     
         478  -3083.2976462543006     
         479  -3093.2522105799485     
         480  -3103.2334717882850     
         481  -3113.2415971327196     
         482  -3123.2767546313348     
         483  -3133.3391130699733     
         484  -3143.4288420054168     
         485  -3153.5461117685040     
         486  -3163.6910934673538     
         487  -3173.8639589905883     
         488  -3184.0648810105608     
         489  -3194.2940329866510     
         490  -3204.5515891685636     
         491  -3214.8377245996585     
         492  -3225.1526151203188     
         493  -3235.4964373713178     
         494  -3245.8693687972745     
         495  -3256.2715876500474     
         496  -3266.7032729922526     
         497  -3277.1646047007284     
         498  -3287.6557634700789     
         499  -3298.1769308162320     
         500  -3308.7282890800070     
         501  -3319.3100214307510     
         502  -3329.9223118699506     
         503  -3340.5653452349179     
         504  -3351.2393072024870     
         505  -3361.9443842927185     
         506  -3372.6807638726714     
         507  -3383.4486341601782     
         508  -3394.2481842276475     
         509  -3405.0796040059058     
         510  -3415.9430842880561     
         511  -3426.8388167333901     
         512  -3437.7669938712788     
         513  -3448.7278091051512     
         514  -3459.7214567164615     
         515  -3470.7481318686932     
         516  -3481.8080306114034     
         517  -3492.9013498842792     
         518  -3504.0282875212388     
         519  -3515.1890422545548     
         520  -3526.3838137189846     
         521  -3537.6128024559898     
         522  -3548.8762099179057     
         523  -3560.1742384722029     
         524  -3571.5070914057437     
         525  -3582.8749729290830     
         526  -3594.2780881807953     
         527  -3605.7166432318227     
         528  -3617.1908450898704     
         529  -3628.7009017038067     
         530  -3640.2470219681159     
         531  -3651.8294157273617     
         532  -3663.4482937807097     
         533  -3675.1038678864247     
         534  -3686.7963507664649     
         535  -3698.5259561110638     
         536  -3710.2928985833396     
         537  -3722.0973938239563     
         538  -3733.9396584558135     
         539  -3745.8199100887459     
         540  -3757.7383673242648     
         541  -3769.6952497603334     
         542  -3781.6907779961748     
         543  -3793.7251736371009     
         544  -3805.7986592993775     
         545  -3817.9114586151118     
         546  -3830.0637962371889     
         547  -3842.2558978442262     
         548  -3854.4879901455406     
         549  -3866.7603008862006     
         550  -3879.0730588520505     
         551  -3891.4264938748011     
         552  -3903.8208368371370     
         553  -3916.2563196778578     
         554  -3928.7331753970652     
         555  -3941.2516380613565     
         556  -3953.8119428090704     
         557  -3966.4143258555555     
         558  -3979.0590244984619     
         559  -3991.7462771231048     
         560  -4004.4763232077912     
         561  -4017.2494033292496     
         562  -4030.0657591680433     
         563  -4042.9256335140467     
         564  -4055.8292702719323     
         565  -4068.7769144667031     
         566  -4081.7688122492527     
         567  -4094.8052109019691     
         568  -4107.8863588443410     
         569  -4121.0125056386378     
         570  -4134.1839019956060     
         571  -4147.4007997801791     
         572  -4160.6634520172556     
         573  -4173.9721128974834     
         574  -4187.3270377830995     
         575  -4200.7284832137830     
         576  -4214.1767069125472     
         577  -4227.6719677916917     
         578  -4241.2145259587478     
         579  -4254.8046427224899     
         580  -4268.4425805989622     
         581  -4282.1286033175484     
         582  -4295.8629758270872     
         583  -4309.6459643019998     
         584  -4323.4778361484605     
         585  -4337.3588600106204     
         586  -4351.2893057768451     
         587  -4365.2694445859925     
         588  -4379.2995488337347     
         589  -4393.3798921789039     
         590  -4407.5107495498833     
         591  -4421.6923971510378     
         592  -4435.9251124691664     
         593  -4450.2091742799967     
         594  -4464.5448626547295     
         595  -4478.9324589666057     
         596  -4493.3722458975044     
         597  -4507.8645074445958     
         598  -4522.4095289270244     
         599  -4537.0075969926183     
         600  -4551.6589996246603     
         601  -4566.3640261486698     
         602  -4581.1229672392410     
         603  -4595.9361149269034     
         604  -4610.8037626050527     
         605  -4625.7262050368718     
         606  -4640.7037383623283     
         607  -4655.7366601051972     
         608  -4670.8252691801290     
         609  -4685.9698658997386     
         610  -4701.1707519817546     
         611  -4716.4282305562083     
         612  -4731.7426061726319     
         613  -4747.1141848073366     
         614  -4762.5432738707068     
         615  -4778.0301822145375     
         616  -4793.5752201394098     
         617  -4809.1786994021286     
         618  -4824.8409332231640     
         619  -4840.5622362941613     
         620  -4856.3429247854947     
         621  -4872.1833163538267     
         622  -4888.0837301497531     
         623  -4904.0444868254644     
         624  -4920.0659085424586     
         625  -4936.1483189792798     
         626  -4952.2920433393256     
         627  -4968.4974083586731     
         628  -4984.7647423139588     
         629  -5001.0943750303040     
         630  -5017.4866378892693     
         631  -5033.9418638368697     
         632  -5050.4603873916194     
         633  -5067.0425446526260     
         634  -5083.6886733077290     
         635  -5100.3991126416795     
         636  -5117.1742035443704     
         637  -5134.0142885190980     
         638  -5150.9197116908881     
         639  -5167.8908188148416     
         640  -5184.9279572845471     
         641  -5202.0314761405270     
         642  -5219.2017260787406     
         643  -5236.4390594591132     
         644  -5253.7438303141271     
         645  -5271.1163943574666     
         646  -5288.5571089926634     
         647  -5306.0663333218617     
         648  -5323.6444281545710     
         649  -5341.2917560164851     
         650  -5359.0086811583524     
         651  -5376.7955695648880     
         652  -5394.6527889637418     
         653  -5412.5807088344945     
         654  -5430.5797004177330     
         655  -5448.6501367241499     
         656  -5466.7923925436935     
         657  -5485.0068444547733     
         658  -5503.2938708335259     
         659  -5521.6538518631005     
         660  -5540.0871695430187     
         661  -5558.5942076985839     
         662  -5577.1753519903195     
         663  -5595.8309899234837     
         664  -5614.5615108576167     
         665  -5633.3673060161500     
         666  -5652.2487684960533     
         667  -5671.2062932775516     
         668  -5690.2402772338792     
         669  -5709.3511191410889     
         670  -5728.5392196879193     
         671  -5747.8049814857059     
         672  -5767.1488090783532     
         673  -5786.5711089523511     
         674  -5806.0722895468534     
         675  -5825.6527612638038     
         676  -5845.3129364781162     
         677  -5865.0532295479170     
         678  -5884.8740568248304     
         679  -5904.7758366643202     
         680  -5924.7589894360972     
         681  -5944.8239375345665     
         682  -5964.9711053893498     
         683  -5985.2009194758366     
         684  -6005.5138083258189     
         685  -6025.9102025381671     
         686  -6046.3905347895616     
         687  -6066.9552398452906     
         688  -6087.6047545700958     
         689  -6108.3395179390818     
         690  -6129.1599710486826     
         691  -6150.0665571276786     
         692  -6171.0597215482940     
         693  -6192.1399118373192     
         694  -6213.3075776873247     
         695  -6234.5631709679074     
         696  -6255.9071457370183     
         697  -6277.3399582523471     
         698  -6298.8620669827433     
         699  -6320.4739326197341     
         700  -6342.1760180890778     
         701  -6363.9687885623807     
         702  -6385.8527114687959     
         703  -6407.8282565067557     
         704  -6429.8958956557817     
         705  -6452.0561031883626     
         706  -6474.3093556818812     
         707  -6496.6561320306137     
         708  -6519.0969134577899     
         709  -6541.6321835277249     
         710  -6564.2624281579920     
         711  -6586.9881356316946     
         712  -6609.8097966097685     
         713  -6632.7279041433794     
         714  -6655.7429536863683     
         715  -6678.8554431077564     
         716  -6702.0658727043492     
         717  -6725.3747452133684     
         718  -6748.7825658251722     
         719  -6772.2898421960372     
         720  -6795.8970844610221     
         721  -6819.6048052468686     
         722  -6843.4135196850057     
         723  -6867.3237454245946     
         724  -6891.3360026456730     
         725  -6915.4508140723265     
         726  -6939.6687049859811     
         727  -6963.9902032387245     
         728  -6988.4158392667196     
         729  -7012.9461461036799     
         730  -7037.5816593944282     
         731  -7062.3229174085145     
         732  -7087.1704610539155     
         733  -7112.1248338907963     
         734  -7137.1865821453594     
         735  -7162.3562547237589     
         736  -7187.6344032260877     
         737  -7213.0215819604446     
         738  -7238.5183479570733     
         739  -7264.1252609825751     
         740  -7289.8428835542027     
         741  -7315.6717809542206     
         742  -7341.6125212443567     
         743  -7367.6656752803201     
         744  -7393.8318167263888     
         745  -7420.1115220701058     
         746  -7446.5053706370127     
         747  -7473.0139446054991     
         748  -7499.6378290217044     
         749  -7526.3776118145070     
         750  -7553.2338838106170     
         751  -7580.2072387496983     
         752  -7607.2982732996270     
         753  -7634.5075870718028     
         754  -7661.8357826365354     
         755  -7689.2834655385332     
         756  -7716.8512443124691     
         757  -7744.5397304986136     
         758  -7772.3495386585819     
         759  -7800.2812863911377     
         760  -7828.3355943480919     
         761  -7856.5130862503011     
         762  -7884.8143889037183     
         763  -7913.2401322155665     
         764  -7941.7909492105755     
         765  -7970.4674760473117     
         766  -7999.2703520346131     
         767  -8028.2002196480653     
         768  -8057.2577245466291     
         769  -8086.4435155893198     
         770  -8115.7582448519688     
         771  -8145.2025676441062     
         772  -8174.7771425259070     
         773  -8204.4826313252543     
         774  -8234.3196991548684     
         775  -8264.2890144295397     
         776  -8294.3912488834685     
         777  -8324.6270775876783     
         778  -8354.9971789675292     
         779  -8385.5022348203274     
         780  -8416.1429303330424     
         781  -8446.9199541000980     
         782  -8477.8339981412701     
         783  -8508.8857579196865     
         784  -8540.0759323599214     
         785  -8571.4052238661916     
         786  -8602.8743383406309     
         787  -8634.4839852016994     
         788  -8666.2348774026559     
         789  -8698.1277314501676     
         790  -8730.1632674229950     
         791  -8762.3422089907781     
         792  -8794.6652834329489     
         793  -8827.1332216577248     
         794  -8859.7467582212121     
         795  -8892.5066313466177     
         796  -8925.4135829435636     
         797  -8958.4683586275078     
         798  -8991.6717077392714     
         799  -9025.0243833646746     
         800  -9058.5271423542690     
         801  -9092.1807453432066     
         802  -9125.9859567711792     
         803  -9159.9435449025113     
         804  -9194.0542818463127     
         805  -9228.3189435767981     
         806  -9262.7383099536819     
         807  -9297.3131647426744     
         808  -9332.0442956361458     
         809  -9366.9324942738549     
         810  -9401.9785562638026     
         811  -9437.1832812032153     
         812  -9472.5474726996326     
         813  -9508.0719383921278     
         814  -9543.7574899726133     
         815  -9579.6049432073050     
         816  -9615.6151179582848     
         817  -9651.7888382051733     
         818  -9688.1269320669471     
         819  -9724.6302318238722     
         820  -9761.2995739395465     
         821  -9798.1357990830656     
         822  -9835.1397521513536     
         823  -9872.3122822915448     
         824  -9909.6542429235706     
         825  -9947.1664917628150     
         826  -9984.8498908429319     
         827  -10022.705306538772     
         828  -10060.733609589433     
         829  -10098.935675121489     
         830  -10137.312382672277     
         831  -10175.864616213375     
         832  -10214.593264174184     
         833  -10253.499219465653     
         834  -10292.583379504145     
         835  -10331.846646235408     
         836  -10371.289926158743     
         837  -10410.914130351242     
         838  -10450.720174492202     
         839  -10490.708978887686     
         840  -10530.881468495189     
         841  -10571.238572948492     
         842  -10611.781226582621     
         843  -10652.510368458954     
         844  -10693.426942390503     
         845  -10734.531896967295     
         846  -10775.826185581960     
         847  -10817.310766455386     
         848  -10858.986602662622     
         849  -10900.854662158830     
         850  -10942.915917805467     
         851  -10985.171347396583     
         852  -11027.621933685259     
         853  -11070.268664410247     
         854  -11113.112532322719     
         855  -11156.154535213200     
         856  -11199.395675938633     
         857  -11242.836962449648     
         858  -11286.479407817946     
         859  -11330.324030263859     
         860  -11374.371853184090     
         861  -11418.623905179591     
         862  -11463.081220083623     
         863  -11507.744836989994     
         864  -11552.615800281412     
         865  -11597.695159658088     
         866  -11642.983970166431     
         867  -11688.483292227989     
         868  -11734.194191668472     
         869  -11780.117739747047     
         870  -11826.255013185759     
         871  -11872.607094199102     
         872  -11919.175070523843     
         873  -11965.960035448963     
         874  -12012.963087845799     
         875  -12060.185332198389     
         876  -12107.627878633977     
         877  -12155.291842953697     
         878  -12203.178346663490     
         879  -12251.288517005163     
         880  -12299.623486987650     
         881  -12348.184395418488     
         882  -12396.972386935460     
         883  -12445.988612038467     
         884  -12495.234227121533     
         885  -12544.710394505109     
         886  -12594.418282468469     
         887  -12644.359065282388     
         888  -12694.533923241997     
         889  -12744.944042699844     
         890  -12795.590616099144     
         891  -12846.474842007292     
         892  -12897.597925149517     
         893  -12948.961076442818     
         894  -13000.565513030073     
         895  -13052.412458314373     
         896  -13104.503141993569     
         897  -13156.838800095078     
         898  -13209.420675010861     
         899  -13262.250015532658     
         900  -13315.328076887443     
         901  -13368.656120773119     
         902  -13422.235415394394     
         903  -13476.067235498984     
         904  -13530.152862413963     
         905  -13584.493584082400     
         906  -13639.090695100222     
         907  -13693.945496753318     
         908  -13749.059297054888     
         909  -13804.433410783069     
         910  -13860.069159518751     
         911  -13915.967871683688     
         912  -13972.130882578886     
         913  -14028.559534423162     
         914  -14085.255176392071     
         915  -14142.219164657025     
         916  -14199.452862424670     
         917  -14256.957639976603     
         918  -14314.734874709275     
         919  -14372.785951174221     
         920  -14431.112261118542     
         921  -14489.715203525684     
         922  -14548.596184656477     
         923  -14607.756618090471     
         924  -14667.197924767577     
         925  -14726.921533029952     
         926  -14786.928878664223     
         927  -14847.221404943988     
         928  -14907.800562672617     
         929  -14968.667810226360     
         930  -15029.824613597764     
         931  -15091.272446439387     
         932  -15153.012790107841     
         933  -15215.047133708145     
         934  -15277.376974138395     
         935  -15340.003816134757     
         936  -15402.929172316793     
         937  -15466.154563233136     
         938  -15529.681517407429     
         939  -15593.511571384704     
         940  -15657.646269778024     
         941  -15722.087165315510     
         942  -15786.835818887688     
         943  -15851.893799595233     
         944  -15917.262684797028     
         945  -15982.944060158636     
         946  -16048.939519701049     
         947  -16115.250665849922     
         948  -16181.879109485108     
         949  -16248.826469990570     
         950  -16316.094375304740     
         951  -16383.684461971194     
         952  -16451.598375189766     
         953  -16519.837768868030     
         954  -16588.404305673255     
         955  -16657.299657084634     
         956  -16726.525503446082     
         957  -16796.083534019348     
         958  -16865.975447037588     
         959  -16936.202949759358     
         960  -17006.767758523059     
         961  -17077.671598801779     
         962  -17148.916205258658     
         963  -17220.503321802607     
         964  -17292.434701644579     
         965  -17364.712107354237     
         966  -17437.337310917112     
         967  -17510.312093792239     
         968  -17583.638246970298     
         969  -17657.317571032199     
         970  -17731.351876208173     
         971  -17805.742982437387     
         972  -17880.492719428090     
         973  -17955.602926718151     
         974  -18031.075453736317     
         975  -18106.912159863783     
         976  -18183.114914496495     
         977  -18259.685597107855     
         978  -18336.626097312044     
         979  -18413.938314927891     
         980  -18491.624160043328     
         981  -18569.685553080362     
         982  -18648.124424860707     
         983  -18726.942716671954     
         984  -18806.142380334346     
         985  -18885.725378268213     
         986  -18965.693683561920     
         987  -19046.049280040574     
         988  -19126.794162335264     
         989  -19207.930335952995     
         990  -19289.459817347230     
         991  -19371.384633989179     
         992  -19453.706824439651     
         993  -19536.428438421754     
         994  -19619.551536894051     
         995  -19703.078192124678     
         996  -19787.010487765980     
         997  -19871.350518930005     
         998  -19956.100392264627     
         999  -20041.262226030522     
