           1           1           1   340.30999755859375     
           1           1           2   340.30999755859375     
           1           1           3   340.30999755859375     
           1           1           4   340.30999755859375     
           1           1           5   340.30999755859375     
           1           1           6   340.30999755859375     
           1           1           7   340.30999755859375     
           1           1           8   340.30999755859375     
           1           1           9   340.30999755859375     
           1           1          10   340.30999755859375     
           1           1          11   340.30999755859375     
           1           2           1   340.30999755859375     
           1           2           2   340.30999755859375     
           1           2           3   340.30999755859375     
           1           2           4   340.30999755859375     
           1           2           5   340.30999755859375     
           1           2           6   340.30999755859375     
           1           2           7   340.30999755859375     
           1           2           8   340.30999755859375     
           1           2           9   340.30999755859375     
           1           2          10   340.30999755859375     
           1           2          11   340.30999755859375     
           1           3           1   340.30999755859375     
           1           3           2   340.30999755859375     
           1           3           3   340.30999755859375     
           1           3           4   340.30999755859375     
           1           3           5   340.30999755859375     
           1           3           6   340.30999755859375     
           1           3           7   340.30999755859375     
           1           3           8   340.30999755859375     
           1           3           9   340.30999755859375     
           1           3          10   340.30999755859375     
           1           3          11   340.30999755859375     
           1           4           1   340.30999755859375     
           1           4           2   340.30999755859375     
           1           4           3   340.30999755859375     
           1           4           4   340.30999755859375     
           1           4           5   340.30999755859375     
           1           4           6   340.30999755859375     
           1           4           7   340.30999755859375     
           1           4           8   340.30999755859375     
           1           4           9   340.30999755859375     
           1           4          10   340.30999755859375     
           1           4          11   340.30999755859375     
           1           5           1   340.30999755859375     
           1           5           2   340.30999755859375     
           1           5           3   340.30999755859375     
           1           5           4   340.30999755859375     
           1           5           5   340.30999755859375     
           1           5           6   340.30999755859375     
           1           5           7   340.30999755859375     
           1           5           8   340.30999755859375     
           1           5           9   340.30999755859375     
           1           5          10   340.30999755859375     
           1           5          11   340.30999755859375     
           1           6           1   340.30999755859375     
           1           6           2   340.30999755859375     
           1           6           3   340.30999755859375     
           1           6           4   340.30999755859375     
           1           6           5   340.30999755859375     
           1           6           6   340.30999755859375     
           1           6           7   340.30999755859375     
           1           6           8   340.30999755859375     
           1           6           9   340.30999755859375     
           1           6          10   340.30999755859375     
           1           6          11   340.30999755859375     
           1           7           1   340.30999755859375     
           1           7           2   340.30999755859375     
           1           7           3   340.30999755859375     
           1           7           4   340.30999755859375     
           1           7           5   340.30999755859375     
           1           7           6   340.30999755859375     
           1           7           7   340.30999755859375     
           1           7           8   340.30999755859375     
           1           7           9   340.30999755859375     
           1           7          10   340.30999755859375     
           1           7          11   340.30999755859375     
           1           8           1   340.30999755859375     
           1           8           2   340.30999755859375     
           1           8           3   340.30999755859375     
           1           8           4   340.30999755859375     
           1           8           5   340.30999755859375     
           1           8           6   340.30999755859375     
           1           8           7   340.30999755859375     
           1           8           8   340.30999755859375     
           1           8           9   340.30999755859375     
           1           8          10   340.30999755859375     
           1           8          11   340.30999755859375     
           1           9           1   340.30999755859375     
           1           9           2   340.30999755859375     
           1           9           3   340.30999755859375     
           1           9           4   340.30999755859375     
           1           9           5   340.30999755859375     
           1           9           6   340.30999755859375     
           1           9           7   340.30999755859375     
           1           9           8   340.30999755859375     
           1           9           9   340.30999755859375     
           1           9          10   340.30999755859375     
           1           9          11   340.30999755859375     
           1          10           1   340.30999755859375     
           1          10           2   340.30999755859375     
           1          10           3   340.30999755859375     
           1          10           4   340.30999755859375     
           1          10           5   340.30999755859375     
           1          10           6   340.30999755859375     
           1          10           7   340.30999755859375     
           1          10           8   340.30999755859375     
           1          10           9   340.30999755859375     
           1          10          10   340.30999755859375     
           1          10          11   340.30999755859375     
           1          11           1   340.30999755859375     
           1          11           2   340.30999755859375     
           1          11           3   340.30999755859375     
           1          11           4   340.30999755859375     
           1          11           5   340.30999755859375     
           1          11           6   340.30999755859375     
           1          11           7   340.30999755859375     
           1          11           8   340.30999755859375     
           1          11           9   340.30999755859375     
           1          11          10   340.30999755859375     
           1          11          11   340.30999755859375     
           2           1           1   306.55149779319765     
           2           1           2   306.55149779319765     
           2           1           3   306.55149779319765     
           2           1           4   306.55149779319765     
           2           1           5   306.55149779319765     
           2           1           6   306.55149779319765     
           2           1           7   306.55149779319765     
           2           1           8   306.55149779319765     
           2           1           9   306.55149779319765     
           2           1          10   306.55149779319765     
           2           1          11   306.55149779319765     
           2           2           1   306.55149779319765     
           2           2           2   303.79526585652093     
           2           2           3   300.93834590288520     
           2           2           4   298.31043018110233     
           2           2           5   296.77262531751177     
           2           2           6   296.29620284128652     
           2           2           7   296.77262531751182     
           2           2           8   298.31043018110233     
           2           2           9   300.93834590288515     
           2           2          10   303.79526585652093     
           2           2          11   306.55149779319765     
           2           3           1   306.55149779319765     
           2           3           2   300.93834590288520     
           2           3           3   294.89983322768734     
           2           3           4   289.06332795412209     
           2           3           5   285.91210684743606     
           2           3           6   284.98526431109428     
           2           3           7   285.91210684743606     
           2           3           8   289.06332795412209     
           2           3           9   294.89983322768740     
           2           3          10   300.93834590288520     
           2           3          11   306.55149779319765     
           2           4           1   306.55149779319765     
           2           4           2   298.31043018110239     
           2           4           3   289.06332795412214     
           2           4           4   279.49073004010972     
           2           4           5   274.96039127144388     
           2           4           6   273.71466756800879     
           2           4           7   274.96039127144371     
           2           4           8   279.49073004010972     
           2           4           9   289.06332795412209     
           2           4          10   298.31043018110239     
           2           4          11   306.55149779319765     
           2           5           1   306.55149779319765     
           2           5           2   296.77262531751188     
           2           5           3   285.91210684743612     
           2           5           4   274.96039127144371     
           2           5           5   269.77624781157459     
           2           5           6   268.35848370667753     
           2           5           7   269.77624781157454     
           2           5           8   274.96039127144377     
           2           5           9   285.91210684743606     
           2           5          10   296.77262531751182     
           2           5          11   306.55149779319765     
           2           6           1   306.55149779319765     
           2           6           2   296.29620284128657     
           2           6           3   284.98526431109434     
           2           6           4   273.71466756800879     
           2           6           5   268.35848370667759     
           2           6           6   266.89124513520710     
           2           6           7   268.35848370667759     
           2           6           8   273.71466756800891     
           2           6           9   284.98526431109445     
           2           6          10   296.29620284128669     
           2           6          11   306.55149779319765     
           2           7           1   306.55149779319765     
           2           7           2   296.77262531751188     
           2           7           3   285.91210684743612     
           2           7           4   274.96039127144383     
           2           7           5   269.77624781157459     
           2           7           6   268.35848370667759     
           2           7           7   269.77624781157465     
           2           7           8   274.96039127144388     
           2           7           9   285.91210684743618     
           2           7          10   296.77262531751194     
           2           7          11   306.55149779319765     
           2           8           1   306.55149779319765     
           2           8           2   298.31043018110222     
           2           8           3   289.06332795412203     
           2           8           4   279.49073004010972     
           2           8           5   274.96039127144388     
           2           8           6   273.71466756800891     
           2           8           7   274.96039127144377     
           2           8           8   279.49073004010967     
           2           8           9   289.06332795412209     
           2           8          10   298.31043018110233     
           2           8          11   306.55149779319765     
           2           9           1   306.55149779319765     
           2           9           2   300.93834590288520     
           2           9           3   294.89983322768734     
           2           9           4   289.06332795412214     
           2           9           5   285.91210684743612     
           2           9           6   284.98526431109434     
           2           9           7   285.91210684743606     
           2           9           8   289.06332795412209     
           2           9           9   294.89983322768734     
           2           9          10   300.93834590288532     
           2           9          11   306.55149779319765     
           2          10           1   306.55149779319765     
           2          10           2   303.79526585652098     
           2          10           3   300.93834590288526     
           2          10           4   298.31043018110228     
           2          10           5   296.77262531751188     
           2          10           6   296.29620284128657     
           2          10           7   296.77262531751188     
           2          10           8   298.31043018110239     
           2          10           9   300.93834590288526     
           2          10          10   303.79526585652104     
           2          10          11   306.55149779319765     
           2          11           1   306.55149779319765     
           2          11           2   306.55149779319765     
           2          11           3   306.55149779319765     
           2          11           4   306.55149779319765     
           2          11           5   306.55149779319765     
           2          11           6   306.55149779319765     
           2          11           7   306.55149779319765     
           2          11           8   306.55149779319765     
           2          11           9   306.55149779319765     
           2          11          10   306.55149779319765     
           2          11          11   306.55149779319765     
           3           1           1   272.79299802780150     
           3           1           2   272.79299802780150     
           3           1           3   272.79299802780150     
           3           1           4   272.79299802780150     
           3           1           5   272.79299802780150     
           3           1           6   272.79299802780150     
           3           1           7   272.79299802780150     
           3           1           8   272.79299802780150     
           3           1           9   272.79299802780150     
           3           1          10   272.79299802780150     
           3           1          11   272.79299802780150     
           3           2           1   272.79299802780150     
           3           2           2   267.48191018836627     
           3           2           3   261.76305080020916     
           3           2           4   256.22678656030348     
           3           2           5   253.25551668345452     
           3           2           6   252.38520674980970     
           3           2           7   253.25551668345457     
           3           2           8   256.22678656030348     
           3           2           9   261.76305080020899     
           3           2          10   267.48191018836616     
           3           2          11   272.79299802780150     
           3           3           1   272.79299802780150     
           3           3           2   261.76305080020910     
           3           3           3   249.08565409351567     
           3           3           4   235.45686986980348     
           3           3           5   229.38103467185056     
           3           3           6   227.76650420380489     
           3           3           7   229.38103467185067     
           3           3           8   235.45686986980346     
           3           3           9   249.08565409351559     
           3           3          10   261.76305080020910     
           3           3          11   272.79299802780150     
           3           4           1   272.79299802780150     
           3           4           2   256.22678656030348     
           3           4           3   235.45686986980348     
           3           4           4   208.58694423093263     
           3           4           5   200.55859780293972     
           3           4           6   198.71347728879996     
           3           4           7   200.55859780293972     
           3           4           8   208.58694423093263     
           3           4           9   235.45686986980348     
           3           4          10   256.22678656030337     
           3           4          11   272.79299802780150     
           3           5           1   272.79299802780150     
           3           5           2   253.25551668345449     
           3           5           3   229.38103467185067     
           3           5           4   200.55859780293963     
           3           5           5   191.70973935461117     
           3           5           6   189.68249635510642     
           3           5           7   191.70973935461109     
           3           5           8   200.55859780293969     
           3           5           9   229.38103467185067     
           3           5          10   253.25551668345463     
           3           5          11   272.79299802780150     
           3           6           1   272.79299802780150     
           3           6           2   252.38520674980981     
           3           6           3   227.76650420380480     
           3           6           4   198.71347728879985     
           3           6           5   189.68249635510645     
           3           6           6   187.60353842593881     
           3           6           7   189.68249635510648     
           3           6           8   198.71347728879999     
           3           6           9   227.76650420380500     
           3           6          10   252.38520674980992     
           3           6          11   272.79299802780150     
           3           7           1   272.79299802780150     
           3           7           2   253.25551668345457     
           3           7           3   229.38103467185067     
           3           7           4   200.55859780293974     
           3           7           5   191.70973935461123     
           3           7           6   189.68249635510648     
           3           7           7   191.70973935461120     
           3           7           8   200.55859780293980     
           3           7           9   229.38103467185076     
           3           7          10   253.25551668345474     
           3           7          11   272.79299802780150     
           3           8           1   272.79299802780150     
           3           8           2   256.22678656030342     
           3           8           3   235.45686986980337     
           3           8           4   208.58694423093266     
           3           8           5   200.55859780293983     
           3           8           6   198.71347728880002     
           3           8           7   200.55859780293963     
           3           8           8   208.58694423093272     
           3           8           9   235.45686986980357     
           3           8          10   256.22678656030348     
           3           8          11   272.79299802780150     
           3           9           1   272.79299802780150     
           3           9           2   261.76305080020904     
           3           9           3   249.08565409351553     
           3           9           4   235.45686986980340     
           3           9           5   229.38103467185067     
           3           9           6   227.76650420380480     
           3           9           7   229.38103467185061     
           3           9           8   235.45686986980343     
           3           9           9   249.08565409351564     
           3           9          10   261.76305080020916     
           3           9          11   272.79299802780150     
           3          10           1   272.79299802780150     
           3          10           2   267.48191018836621     
           3          10           3   261.76305080020904     
           3          10           4   256.22678656030342     
           3          10           5   253.25551668345466     
           3          10           6   252.38520674980987     
           3          10           7   253.25551668345466     
           3          10           8   256.22678656030342     
           3          10           9   261.76305080020910     
           3          10          10   267.48191018836633     
           3          10          11   272.79299802780150     
           3          11           1   272.79299802780150     
           3          11           2   272.79299802780150     
           3          11           3   272.79299802780150     
           3          11           4   272.79299802780150     
           3          11           5   272.79299802780150     
           3          11           6   272.79299802780150     
           3          11           7   272.79299802780150     
           3          11           8   272.79299802780150     
           3          11           9   272.79299802780150     
           3          11          10   272.79299802780150     
           3          11          11   272.79299802780150     
           4           1           1   239.03449826240541     
           4           1           2   239.03449826240541     
           4           1           3   239.03449826240541     
           4           1           4   239.03449826240541     
           4           1           5   239.03449826240541     
           4           1           6   239.03449826240541     
           4           1           7   239.03449826240541     
           4           1           8   239.03449826240541     
           4           1           9   239.03449826240541     
           4           1          10   239.03449826240541     
           4           1          11   239.03449826240541     
           4           2           1   239.03449826240541     
           4           2           2   231.98409761765510     
           4           2           3   224.05261002838265     
           4           2           4   215.78185379944978     
           4           2           5   211.97444877345018     
           4           2           6   210.94450205905659     
           4           2           7   211.97444877345018     
           4           2           8   215.78185379944983     
           4           2           9   224.05261002838253     
           4           2          10   231.98409761765518     
           4           2          11   239.03449826240541     
           4           3           1   239.03449826240541     
           4           3           2   224.05261002838253     
           4           3           3   205.17424999338101     
           4           3           4   180.39747170809616     
           4           3           5   173.33661262366513     
           4           3           6   171.75300752942388     
           4           3           7   173.33661262366522     
           4           3           8   180.39747170809619     
           4           3           9   205.17424999338110     
           4           3          10   224.05261002838265     
           4           3          11   239.03449826240541     
           4           4           1   239.03449826240541     
           4           4           2   215.78185379944981     
           4           4           3   180.39747170809619     
           4           4           4   100.00000000000000     
           4           4           5   100.00000000000000     
           4           4           6   100.00000000000000     
           4           4           7   100.00000000000000     
           4           4           8   100.00000000000001     
           4           4           9   180.39747170809619     
           4           4          10   215.78185379944981     
           4           4          11   239.03449826240541     
           4           5           1   239.03449826240541     
           4           5           2   211.97444877345012     
           4           5           3   173.33661262366519     
           4           5           4   100.00000000000000     
           4           5           5   100.00000000000000     
           4           5           6   100.00000000000000     
           4           5           7   100.00000000000000     
           4           5           8   100.00000000000011     
           4           5           9   173.33661262366519     
           4           5          10   211.97444877345021     
           4           5          11   239.03449826240541     
           4           6           1   239.03449826240541     
           4           6           2   210.94450205905662     
           4           6           3   171.75300752942391     
           4           6           4   100.00000000000000     
           4           6           5   100.00000000000000     
           4           6           6   100.00000000000000     
           4           6           7   100.00000000000000     
           4           6           8   99.999999999999957     
           4           6           9   171.75300752942394     
           4           6          10   210.94450205905670     
           4           6          11   239.03449826240541     
           4           7           1   239.03449826240541     
           4           7           2   211.97444877345021     
           4           7           3   173.33661262366519     
           4           7           4   100.00000000000000     
           4           7           5   100.00000000000000     
           4           7           6   100.00000000000000     
           4           7           7   100.00000000000000     
           4           7           8   100.00000000000024     
           4           7           9   173.33661262366527     
           4           7          10   211.97444877345029     
           4           7          11   239.03449826240541     
           4           8           1   239.03449826240541     
           4           8           2   215.78185379944981     
           4           8           3   180.39747170809611     
           4           8           4   99.999999999999829     
           4           8           5   100.00000000000021     
           4           8           6   99.999999999999943     
           4           8           7   99.999999999999616     
           4           8           8   100.00000000000016     
           4           8           9   180.39747170809622     
           4           8          10   215.78185379944983     
           4           8          11   239.03449826240541     
           4           9           1   239.03449826240541     
           4           9           2   224.05261002838256     
           4           9           3   205.17424999338101     
           4           9           4   180.39747170809611     
           4           9           5   173.33661262366525     
           4           9           6   171.75300752942394     
           4           9           7   173.33661262366516     
           4           9           8   180.39747170809619     
           4           9           9   205.17424999338101     
           4           9          10   224.05261002838250     
           4           9          11   239.03449826240541     
           4          10           1   239.03449826240541     
           4          10           2   231.98409761765518     
           4          10           3   224.05261002838256     
           4          10           4   215.78185379944978     
           4          10           5   211.97444877345032     
           4          10           6   210.94450205905665     
           4          10           7   211.97444877345032     
           4          10           8   215.78185379944981     
           4          10           9   224.05261002838253     
           4          10          10   231.98409761765512     
           4          10          11   239.03449826240541     
           4          11           1   239.03449826240541     
           4          11           2   239.03449826240541     
           4          11           3   239.03449826240541     
           4          11           4   239.03449826240541     
           4          11           5   239.03449826240541     
           4          11           6   239.03449826240541     
           4          11           7   239.03449826240541     
           4          11           8   239.03449826240541     
           4          11           9   239.03449826240541     
           4          11          10   239.03449826240541     
           4          11          11   239.03449826240541     
           5           1           1   205.27599849700928     
           5           1           2   205.27599849700928     
           5           1           3   205.27599849700928     
           5           1           4   205.27599849700928     
           5           1           5   205.27599849700928     
           5           1           6   205.27599849700928     
           5           1           7   205.27599849700928     
           5           1           8   205.27599849700928     
           5           1           9   205.27599849700928     
           5           1          10   205.27599849700928     
           5           1          11   205.27599849700928     
           5           2           1   205.27599849700928     
           5           2           2   198.24845893598848     
           5           2           3   190.57790969719500     
           5           2           4   183.00530746406093     
           5           2           5   179.49370921266961     
           5           2           6   178.54540226580016     
           5           2           7   179.49370921266961     
           5           2           8   183.00530746406105     
           5           2           9   190.57790969719503     
           5           2          10   198.24845893598857     
           5           2          11   205.27599849700928     
           5           3           1   205.27599849700928     
           5           3           2   190.57790969719497     
           5           3           3   173.05968239381281     
           5           3           4   152.63524396227749     
           5           3           5   146.51371305917013     
           5           3           6   145.13381366635156     
           5           3           7   146.51371305917016     
           5           3           8   152.63524396227763     
           5           3           9   173.05968239381284     
           5           3          10   190.57790969719505     
           5           3          11   205.27599849700928     
           5           4           1   205.27599849700928     
           5           4           2   183.00530746406102     
           5           4           3   152.63524396227760     
           5           4           4   100.00000000000000     
           5           4           5   100.00000000000000     
           5           4           6   100.00000000000000     
           5           4           7   100.00000000000000     
           5           4           8   100.00000000000028     
           5           4           9   152.63524396227760     
           5           4          10   183.00530746406096     
           5           4          11   205.27599849700928     
           5           5           1   205.27599849700928     
           5           5           2   179.49370921266961     
           5           5           3   146.51371305917013     
           5           5           4   100.00000000000000     
           5           5           5   100.00000000000000     
           5           5           6   100.00000000000000     
           5           5           7   100.00000000000000     
           5           5           8   100.00000000000000     
           5           5           9   146.51371305917016     
           5           5          10   179.49370921266964     
           5           5          11   205.27599849700928     
           5           6           1   205.27599849700928     
           5           6           2   178.54540226580016     
           5           6           3   145.13381366635164     
           5           6           4   100.00000000000000     
           5           6           5   100.00000000000000     
           5           6           6   100.00000000000000     
           5           6           7   100.00000000000000     
           5           6           8   100.00000000000000     
           5           6           9   145.13381366635164     
           5           6          10   178.54540226580028     
           5           6          11   205.27599849700928     
           5           7           1   205.27599849700928     
           5           7           2   179.49370921266967     
           5           7           3   146.51371305917016     
           5           7           4   100.00000000000000     
           5           7           5   100.00000000000000     
           5           7           6   100.00000000000000     
           5           7           7   100.00000000000000     
           5           7           8   100.00000000000000     
           5           7           9   146.51371305917019     
           5           7          10   179.49370921266964     
           5           7          11   205.27599849700928     
           5           8           1   205.27599849700928     
           5           8           2   183.00530746406105     
           5           8           3   152.63524396227760     
           5           8           4   100.00000000000040     
           5           8           5   100.00000000000000     
           5           8           6   100.00000000000000     
           5           8           7   100.00000000000000     
           5           8           8   100.00000000000000     
           5           8           9   152.63524396227757     
           5           8          10   183.00530746406102     
           5           8          11   205.27599849700928     
           5           9           1   205.27599849700928     
           5           9           2   190.57790969719500     
           5           9           3   173.05968239381289     
           5           9           4   152.63524396227766     
           5           9           5   146.51371305917024     
           5           9           6   145.13381366635164     
           5           9           7   146.51371305917016     
           5           9           8   152.63524396227757     
           5           9           9   173.05968239381289     
           5           9          10   190.57790969719497     
           5           9          11   205.27599849700928     
           5          10           1   205.27599849700928     
           5          10           2   198.24845893598854     
           5          10           3   190.57790969719505     
           5          10           4   183.00530746406108     
           5          10           5   179.49370921266970     
           5          10           6   178.54540226580022     
           5          10           7   179.49370921266967     
           5          10           8   183.00530746406099     
           5          10           9   190.57790969719503     
           5          10          10   198.24845893598851     
           5          10          11   205.27599849700928     
           5          11           1   205.27599849700928     
           5          11           2   205.27599849700928     
           5          11           3   205.27599849700928     
           5          11           4   205.27599849700928     
           5          11           5   205.27599849700928     
           5          11           6   205.27599849700928     
           5          11           7   205.27599849700928     
           5          11           8   205.27599849700928     
           5          11           9   205.27599849700928     
           5          11          10   205.27599849700928     
           5          11          11   205.27599849700928     
           6           1           1   171.51749873161316     
           6           1           2   171.51749873161316     
           6           1           3   171.51749873161316     
           6           1           4   171.51749873161316     
           6           1           5   171.51749873161316     
           6           1           6   171.51749873161316     
           6           1           7   171.51749873161316     
           6           1           8   171.51749873161316     
           6           1           9   171.51749873161316     
           6           1          10   171.51749873161316     
           6           1          11   171.51749873161316     
           6           2           1   171.51749873161316     
           6           2           2   165.79883960986734     
           6           2           3   159.82540086391572     
           6           2           4   154.26712961576482     
           6           2           5   151.64738521652694     
           6           2           6   150.93068094704441     
           6           2           7   151.64738521652694     
           6           2           8   154.26712961576482     
           6           2           9   159.82540086391577     
           6           2          10   165.79883960986743     
           6           2          11   171.51749873161316     
           6           3           1   171.51749873161316     
           6           3           2   159.82540086391575     
           6           3           3   146.75753705055078     
           6           3           4   132.83528914852513     
           6           3           5   128.48289889005699     
           6           3           6   127.47704608454536     
           6           3           7   128.48289889005699     
           6           3           8   132.83528914852516     
           6           3           9   146.75753705055087     
           6           3          10   159.82540086391580     
           6           3          11   171.51749873161316     
           6           4           1   171.51749873161316     
           6           4           2   154.26712961576479     
           6           4           3   132.83528914852513     
           6           4           4   100.00000000000000     
           6           4           5   100.00000000000000     
           6           4           6   100.00000000000000     
           6           4           7   100.00000000000000     
           6           4           8   100.00000000000014     
           6           4           9   132.83528914852511     
           6           4          10   154.26712961576479     
           6           4          11   171.51749873161316     
           6           5           1   171.51749873161316     
           6           5           2   151.64738521652691     
           6           5           3   128.48289889005693     
           6           5           4   100.00000000000000     
           6           5           5   100.00000000000000     
           6           5           6   100.00000000000000     
           6           5           7   100.00000000000000     
           6           5           8   100.00000000000000     
           6           5           9   128.48289889005699     
           6           5          10   151.64738521652694     
           6           5          11   171.51749873161316     
           6           6           1   171.51749873161316     
           6           6           2   150.93068094704441     
           6           6           3   127.47704608454538     
           6           6           4   100.00000000000000     
           6           6           5   100.00000000000000     
           6           6           6   100.00000000000000     
           6           6           7   100.00000000000000     
           6           6           8   100.00000000000000     
           6           6           9   127.47704608454539     
           6           6          10   150.93068094704438     
           6           6          11   171.51749873161316     
           6           7           1   171.51749873161316     
           6           7           2   151.64738521652700     
           6           7           3   128.48289889005696     
           6           7           4   100.00000000000000     
           6           7           5   100.00000000000000     
           6           7           6   100.00000000000000     
           6           7           7   100.00000000000000     
           6           7           8   100.00000000000000     
           6           7           9   128.48289889005702     
           6           7          10   151.64738521652694     
           6           7          11   171.51749873161316     
           6           8           1   171.51749873161316     
           6           8           2   154.26712961576487     
           6           8           3   132.83528914852508     
           6           8           4   99.999999999999773     
           6           8           5   100.00000000000000     
           6           8           6   100.00000000000000     
           6           8           7   100.00000000000000     
           6           8           8   100.00000000000000     
           6           8           9   132.83528914852511     
           6           8          10   154.26712961576482     
           6           8          11   171.51749873161316     
           6           9           1   171.51749873161316     
           6           9           2   159.82540086391583     
           6           9           3   146.75753705055084     
           6           9           4   132.83528914852513     
           6           9           5   128.48289889005704     
           6           9           6   127.47704608454538     
           6           9           7   128.48289889005699     
           6           9           8   132.83528914852511     
           6           9           9   146.75753705055087     
           6           9          10   159.82540086391577     
           6           9          11   171.51749873161316     
           6          10           1   171.51749873161316     
           6          10           2   165.79883960986746     
           6          10           3   159.82540086391575     
           6          10           4   154.26712961576479     
           6          10           5   151.64738521652700     
           6          10           6   150.93068094704444     
           6          10           7   151.64738521652700     
           6          10           8   154.26712961576476     
           6          10           9   159.82540086391577     
           6          10          10   165.79883960986749     
           6          10          11   171.51749873161316     
           6          11           1   171.51749873161316     
           6          11           2   171.51749873161316     
           6          11           3   171.51749873161316     
           6          11           4   171.51749873161316     
           6          11           5   171.51749873161316     
           6          11           6   171.51749873161316     
           6          11           7   171.51749873161316     
           6          11           8   171.51749873161316     
           6          11           9   171.51749873161316     
           6          11          10   171.51749873161316     
           6          11          11   171.51749873161316     
           7           1           1   137.75899896621706     
           7           1           2   137.75899896621706     
           7           1           3   137.75899896621706     
           7           1           4   137.75899896621706     
           7           1           5   137.75899896621706     
           7           1           6   137.75899896621706     
           7           1           7   137.75899896621706     
           7           1           8   137.75899896621706     
           7           1           9   137.75899896621706     
           7           1          10   137.75899896621706     
           7           1          11   137.75899896621706     
           7           2           1   137.75899896621706     
           7           2           2   133.85877953215802     
           7           2           3   130.03349047850338     
           7           2           4   126.77189626994691     
           7           2           5   125.19239390201275     
           7           2           6   124.74936816725371     
           7           2           7   125.19239390201275     
           7           2           8   126.77189626994685     
           7           2           9   130.03349047850338     
           7           2          10   133.85877953215808     
           7           2          11   137.75899896621706     
           7           3           1   137.75899896621706     
           7           3           2   130.03349047850338     
           7           3           3   122.16415988461034     
           7           3           4   114.86892537250060     
           7           3           5   112.42395983157428     
           7           3           6   111.83198411376233     
           7           3           7   112.42395983157422     
           7           3           8   114.86892537250053     
           7           3           9   122.16415988461033     
           7           3          10   130.03349047850338     
           7           3          11   137.75899896621706     
           7           4           1   137.75899896621706     
           7           4           2   126.77189626994685     
           7           4           3   114.86892537250053     
           7           4           4   100.00000000000000     
           7           4           5   100.00000000000000     
           7           4           6   100.00000000000000     
           7           4           7   100.00000000000000     
           7           4           8   99.999999999999972     
           7           4           9   114.86892537250053     
           7           4          10   126.77189626994684     
           7           4          11   137.75899896621706     
           7           5           1   137.75899896621706     
           7           5           2   125.19239390201277     
           7           5           3   112.42395983157424     
           7           5           4   100.00000000000000     
           7           5           5   100.00000000000000     
           7           5           6   100.00000000000000     
           7           5           7   100.00000000000000     
           7           5           8   100.00000000000000     
           7           5           9   112.42395983157424     
           7           5          10   125.19239390201275     
           7           5          11   137.75899896621706     
           7           6           1   137.75899896621706     
           7           6           2   124.74936816725375     
           7           6           3   111.83198411376227     
           7           6           4   100.00000000000000     
           7           6           5   100.00000000000000     
           7           6           6   100.00000000000000     
           7           6           7   100.00000000000000     
           7           6           8   100.00000000000000     
           7           6           9   111.83198411376230     
           7           6          10   124.74936816725371     
           7           6          11   137.75899896621706     
           7           7           1   137.75899896621706     
           7           7           2   125.19239390201280     
           7           7           3   112.42395983157425     
           7           7           4   100.00000000000000     
           7           7           5   100.00000000000000     
           7           7           6   100.00000000000000     
           7           7           7   100.00000000000000     
           7           7           8   100.00000000000000     
           7           7           9   112.42395983157425     
           7           7          10   125.19239390201277     
           7           7          11   137.75899896621706     
           7           8           1   137.75899896621706     
           7           8           2   126.77189626994691     
           7           8           3   114.86892537250057     
           7           8           4   100.00000000000004     
           7           8           5   100.00000000000000     
           7           8           6   100.00000000000000     
           7           8           7   100.00000000000000     
           7           8           8   100.00000000000000     
           7           8           9   114.86892537250054     
           7           8          10   126.77189626994686     
           7           8          11   137.75899896621706     
           7           9           1   137.75899896621706     
           7           9           2   130.03349047850338     
           7           9           3   122.16415988461033     
           7           9           4   114.86892537250051     
           7           9           5   112.42395983157428     
           7           9           6   111.83198411376232     
           7           9           7   112.42395983157427     
           7           9           8   114.86892537250051     
           7           9           9   122.16415988461037     
           7           9          10   130.03349047850341     
           7           9          11   137.75899896621706     
           7          10           1   137.75899896621706     
           7          10           2   133.85877953215805     
           7          10           3   130.03349047850335     
           7          10           4   126.77189626994686     
           7          10           5   125.19239390201277     
           7          10           6   124.74936816725375     
           7          10           7   125.19239390201274     
           7          10           8   126.77189626994679     
           7          10           9   130.03349047850335     
           7          10          10   133.85877953215802     
           7          10          11   137.75899896621706     
           7          11           1   137.75899896621706     
           7          11           2   137.75899896621706     
           7          11           3   137.75899896621706     
           7          11           4   137.75899896621706     
           7          11           5   137.75899896621706     
           7          11           6   137.75899896621706     
           7          11           7   137.75899896621706     
           7          11           8   137.75899896621706     
           7          11           9   137.75899896621706     
           7          11          10   137.75899896621706     
           7          11          11   137.75899896621706     
           8           1           1   104.00049920082094     
           8           1           2   104.00049920082094     
           8           1           3   104.00049920082094     
           8           1           4   104.00049920082094     
           8           1           5   104.00049920082094     
           8           1           6   104.00049920082094     
           8           1           7   104.00049920082094     
           8           1           8   104.00049920082094     
           8           1           9   104.00049920082094     
           8           1          10   104.00049920082094     
           8           1          11   104.00049920082094     
           8           2           1   104.00049920082094     
           8           2           2   101.76885869364007     
           8           2           3   99.821707354172148     
           8           2           4   98.510439284682604     
           8           2           5   97.802754960557664     
           8           2           6   97.589757172473028     
           8           2           7   97.802754960557692     
           8           2           8   98.510439284682590     
           8           2           9   99.821707354172119     
           8           2          10   101.76885869364010     
           8           2          11   104.00049920082094     
           8           3           1   104.00049920082094     
           8           3           2   99.821707354172119     
           8           3           3   96.422590555103440     
           8           3           4   95.018247100346741     
           8           3           5   94.167556711112923     
           8           3           6   93.917570767626316     
           8           3           7   94.167556711112937     
           8           3           8   95.018247100346741     
           8           3           9   96.422590555103397     
           8           3          10   99.821707354172119     
           8           3          11   104.00049920082094     
           8           4           1   104.00049920082094     
           8           4           2   98.510439284682576     
           8           4           3   95.018247100346713     
           8           4           4   100.00000000000000     
           8           4           5   100.00000000000000     
           8           4           6   100.00000000000000     
           8           4           7   100.00000000000000     
           8           4           8   99.999999999999943     
           8           4           9   95.018247100346741     
           8           4          10   98.510439284682604     
           8           4          11   104.00049920082094     
           8           5           1   104.00049920082094     
           8           5           2   97.802754960557635     
           8           5           3   94.167556711112894     
           8           5           4   100.00000000000000     
           8           5           5   100.00000000000000     
           8           5           6   100.00000000000000     
           8           5           7   100.00000000000000     
           8           5           8   100.00000000000000     
           8           5           9   94.167556711112894     
           8           5          10   97.802754960557635     
           8           5          11   104.00049920082094     
           8           6           1   104.00049920082094     
           8           6           2   97.589757172473028     
           8           6           3   93.917570767626302     
           8           6           4   100.00000000000000     
           8           6           5   100.00000000000000     
           8           6           6   100.00000000000000     
           8           6           7   100.00000000000000     
           8           6           8   100.00000000000000     
           8           6           9   93.917570767626302     
           8           6          10   97.589757172472986     
           8           6          11   104.00049920082094     
           8           7           1   104.00049920082094     
           8           7           2   97.802754960557650     
           8           7           3   94.167556711112937     
           8           7           4   100.00000000000000     
           8           7           5   100.00000000000000     
           8           7           6   100.00000000000000     
           8           7           7   100.00000000000000     
           8           7           8   100.00000000000000     
           8           7           9   94.167556711112923     
           8           7          10   97.802754960557678     
           8           7          11   104.00049920082094     
           8           8           1   104.00049920082094     
           8           8           2   98.510439284682619     
           8           8           3   95.018247100346755     
           8           8           4   99.999999999999957     
           8           8           5   100.00000000000000     
           8           8           6   100.00000000000000     
           8           8           7   100.00000000000000     
           8           8           8   100.00000000000000     
           8           8           9   95.018247100346727     
           8           8          10   98.510439284682604     
           8           8          11   104.00049920082094     
           8           9           1   104.00049920082094     
           8           9           2   99.821707354172148     
           8           9           3   96.422590555103412     
           8           9           4   95.018247100346713     
           8           9           5   94.167556711112908     
           8           9           6   93.917570767626316     
           8           9           7   94.167556711112908     
           8           9           8   95.018247100346713     
           8           9           9   96.422590555103383     
           8           9          10   99.821707354172133     
           8           9          11   104.00049920082094     
           8          10           1   104.00049920082094     
           8          10           2   101.76885869364010     
           8          10           3   99.821707354172148     
           8          10           4   98.510439284682619     
           8          10           5   97.802754960557706     
           8          10           6   97.589757172473014     
           8          10           7   97.802754960557650     
           8          10           8   98.510439284682533     
           8          10           9   99.821707354172119     
           8          10          10   101.76885869364008     
           8          10          11   104.00049920082094     
           8          11           1   104.00049920082094     
           8          11           2   104.00049920082094     
           8          11           3   104.00049920082094     
           8          11           4   104.00049920082094     
           8          11           5   104.00049920082094     
           8          11           6   104.00049920082094     
           8          11           7   104.00049920082094     
           8          11           8   104.00049920082094     
           8          11           9   104.00049920082094     
           8          11          10   104.00049920082094     
           8          11          11   104.00049920082094     
           9           1           1   70.241999435424816     
           9           1           2   70.241999435424816     
           9           1           3   70.241999435424816     
           9           1           4   70.241999435424816     
           9           1           5   70.241999435424816     
           9           1           6   70.241999435424816     
           9           1           7   70.241999435424816     
           9           1           8   70.241999435424816     
           9           1           9   70.241999435424816     
           9           1          10   70.241999435424816     
           9           1          11   70.241999435424816     
           9           2           1   70.241999435424816     
           9           2           2   69.109959519696332     
           9           2           3   68.194365912282379     
           9           2           4   67.647530822251255     
           9           2           5   67.355883492243791     
           9           2           6   67.265594978021724     
           9           2           7   67.355883492243777     
           9           2           8   67.647530822251213     
           9           2           9   68.194365912282379     
           9           2          10   69.109959519696332     
           9           2          11   70.241999435424816     
           9           3           1   70.241999435424816     
           9           3           2   68.194365912282379     
           9           3           3   66.691474536972351     
           9           3           4   66.139970678680925     
           9           3           5   65.842807606572492     
           9           3           6   65.748569897296733     
           9           3           7   65.842807606572507     
           9           3           8   66.139970678680925     
           9           3           9   66.691474536972379     
           9           3          10   68.194365912282393     
           9           3          11   70.241999435424816     
           9           4           1   70.241999435424816     
           9           4           2   67.647530822251227     
           9           4           3   66.139970678680911     
           9           4           4   66.828774577510202     
           9           4           5   66.945571531838382     
           9           4           6   66.957101008250262     
           9           4           7   66.945571531838397     
           9           4           8   66.828774577510231     
           9           4           9   66.139970678680939     
           9           4          10   67.647530822251255     
           9           4          11   70.241999435424816     
           9           5           1   70.241999435424816     
           9           5           2   67.355883492243777     
           9           5           3   65.842807606572507     
           9           5           4   66.945571531838382     
           9           5           5   67.227933536133278     
           9           5           6   67.283301425007480     
           9           5           7   67.227933536133264     
           9           5           8   66.945571531838397     
           9           5           9   65.842807606572521     
           9           5          10   67.355883492243791     
           9           5          11   70.241999435424816     
           9           6           1   70.241999435424816     
           9           6           2   67.265594978021753     
           9           6           3   65.748569897296747     
           9           6           4   66.957101008250291     
           9           6           5   67.283301425007522     
           9           6           6   67.350553743151949     
           9           6           7   67.283301425007537     
           9           6           8   66.957101008250291     
           9           6           9   65.748569897296775     
           9           6          10   67.265594978021753     
           9           6          11   70.241999435424816     
           9           7           1   70.241999435424816     
           9           7           2   67.355883492243805     
           9           7           3   65.842807606572521     
           9           7           4   66.945571531838397     
           9           7           5   67.227933536133264     
           9           7           6   67.283301425007522     
           9           7           7   67.227933536133278     
           9           7           8   66.945571531838411     
           9           7           9   65.842807606572535     
           9           7          10   67.355883492243777     
           9           7          11   70.241999435424816     
           9           8           1   70.241999435424816     
           9           8           2   67.647530822251213     
           9           8           3   66.139970678680953     
           9           8           4   66.828774577510245     
           9           8           5   66.945571531838411     
           9           8           6   66.957101008250319     
           9           8           7   66.945571531838411     
           9           8           8   66.828774577510217     
           9           8           9   66.139970678680953     
           9           8          10   67.647530822251255     
           9           8          11   70.241999435424816     
           9           9           1   70.241999435424816     
           9           9           2   68.194365912282365     
           9           9           3   66.691474536972336     
           9           9           4   66.139970678680939     
           9           9           5   65.842807606572507     
           9           9           6   65.748569897296747     
           9           9           7   65.842807606572507     
           9           9           8   66.139970678680911     
           9           9           9   66.691474536972336     
           9           9          10   68.194365912282379     
           9           9          11   70.241999435424816     
           9          10           1   70.241999435424816     
           9          10           2   69.109959519696318     
           9          10           3   68.194365912282365     
           9          10           4   67.647530822251227     
           9          10           5   67.355883492243777     
           9          10           6   67.265594978021724     
           9          10           7   67.355883492243763     
           9          10           8   67.647530822251213     
           9          10           9   68.194365912282350     
           9          10          10   69.109959519696346     
           9          10          11   70.241999435424816     
           9          11           1   70.241999435424816     
           9          11           2   70.241999435424816     
           9          11           3   70.241999435424816     
           9          11           4   70.241999435424816     
           9          11           5   70.241999435424816     
           9          11           6   70.241999435424816     
           9          11           7   70.241999435424816     
           9          11           8   70.241999435424816     
           9          11           9   70.241999435424816     
           9          11          10   70.241999435424816     
           9          11          11   70.241999435424816     
          10           1           1   36.483499670028721     
          10           1           2   36.483499670028721     
          10           1           3   36.483499670028721     
          10           1           4   36.483499670028721     
          10           1           5   36.483499670028721     
          10           1           6   36.483499670028721     
          10           1           7   36.483499670028721     
          10           1           8   36.483499670028721     
          10           1           9   36.483499670028721     
          10           1          10   36.483499670028721     
          10           1          11   36.483499670028721     
          10           2           1   36.483499670028721     
          10           2           2   36.018167729123505     
          10           2           3   35.653523805177386     
          10           2           4   35.442526130192874     
          10           2           5   35.334613150634738     
          10           2           6   35.301476378448285     
          10           2           7   35.334613150634759     
          10           2           8   35.442526130192860     
          10           2           9   35.653523805177379     
          10           2          10   36.018167729123519     
          10           2          11   36.483499670028721     
          10           3           1   36.483499670028721     
          10           3           2   35.653523805177365     
          10           3           3   35.057583484804155     
          10           3           4   34.810989428432570     
          10           3           5   34.699293328262272     
          10           3           6   34.665537416737145     
          10           3           7   34.699293328262272     
          10           3           8   34.810989428432578     
          10           3           9   35.057583484804148     
          10           3          10   35.653523805177379     
          10           3          11   36.483499670028721     
          10           4           1   36.483499670028721     
          10           4           2   35.442526130192874     
          10           4           3   34.810989428432578     
          10           4           4   34.801563044022686     
          10           4           5   34.816812462564066     
          10           4           6   34.819591663520740     
          10           4           7   34.816812462564073     
          10           4           8   34.801563044022686     
          10           4           9   34.810989428432585     
          10           4          10   35.442526130192881     
          10           4          11   36.483499670028721     
          10           5           1   36.483499670028721     
          10           5           2   35.334613150634759     
          10           5           3   34.699293328262272     
          10           5           4   34.816812462564080     
          10           5           5   34.909855303107783     
          10           5           6   34.936286726376338     
          10           5           7   34.909855303107790     
          10           5           8   34.816812462564073     
          10           5           9   34.699293328262272     
          10           5          10   35.334613150634759     
          10           5          11   36.483499670028721     
          10           6           1   36.483499670028721     
          10           6           2   35.301476378448285     
          10           6           3   34.665537416737152     
          10           6           4   34.819591663520747     
          10           6           5   34.936286726376323     
          10           6           6   34.970116758881645     
          10           6           7   34.936286726376366     
          10           6           8   34.819591663520768     
          10           6           9   34.665537416737152     
          10           6          10   35.301476378448292     
          10           6          11   36.483499670028721     
          10           7           1   36.483499670028721     
          10           7           2   35.334613150634752     
          10           7           3   34.699293328262264     
          10           7           4   34.816812462564059     
          10           7           5   34.909855303107790     
          10           7           6   34.936286726376345     
          10           7           7   34.909855303107790     
          10           7           8   34.816812462564073     
          10           7           9   34.699293328262279     
          10           7          10   35.334613150634745     
          10           7          11   36.483499670028721     
          10           8           1   36.483499670028721     
          10           8           2   35.442526130192846     
          10           8           3   34.810989428432585     
          10           8           4   34.801563044022693     
          10           8           5   34.816812462564094     
          10           8           6   34.819591663520761     
          10           8           7   34.816812462564080     
          10           8           8   34.801563044022700     
          10           8           9   34.810989428432592     
          10           8          10   35.442526130192874     
          10           8          11   36.483499670028721     
          10           9           1   36.483499670028721     
          10           9           2   35.653523805177350     
          10           9           3   35.057583484804134     
          10           9           4   34.810989428432563     
          10           9           5   34.699293328262279     
          10           9           6   34.665537416737145     
          10           9           7   34.699293328262272     
          10           9           8   34.810989428432578     
          10           9           9   35.057583484804127     
          10           9          10   35.653523805177358     
          10           9          11   36.483499670028721     
          10          10           1   36.483499670028721     
          10          10           2   36.018167729123505     
          10          10           3   35.653523805177372     
          10          10           4   35.442526130192860     
          10          10           5   35.334613150634731     
          10          10           6   35.301476378448264     
          10          10           7   35.334613150634752     
          10          10           8   35.442526130192867     
          10          10           9   35.653523805177372     
          10          10          10   36.018167729123512     
          10          10          11   36.483499670028721     
          10          11           1   36.483499670028721     
          10          11           2   36.483499670028721     
          10          11           3   36.483499670028721     
          10          11           4   36.483499670028721     
          10          11           5   36.483499670028721     
          10          11           6   36.483499670028721     
          10          11           7   36.483499670028721     
          10          11           8   36.483499670028721     
          10          11           9   36.483499670028721     
          10          11          10   36.483499670028721     
          10          11          11   36.483499670028721     
          11           1           1   2.7249999046325684     
          11           1           2   2.7249999046325684     
          11           1           3   2.7249999046325684     
          11           1           4   2.7249999046325684     
          11           1           5   2.7249999046325684     
          11           1           6   2.7249999046325684     
          11           1           7   2.7249999046325684     
          11           1           8   2.7249999046325684     
          11           1           9   2.7249999046325684     
          11           1          10   2.7249999046325684     
          11           1          11   2.7249999046325684     
          11           2           1   2.7249999046325684     
          11           2           2   2.7249999046325684     
          11           2           3   2.7249999046325684     
          11           2           4   2.7249999046325684     
          11           2           5   2.7249999046325684     
          11           2           6   2.7249999046325684     
          11           2           7   2.7249999046325684     
          11           2           8   2.7249999046325684     
          11           2           9   2.7249999046325684     
          11           2          10   2.7249999046325684     
          11           2          11   2.7249999046325684     
          11           3           1   2.7249999046325684     
          11           3           2   2.7249999046325684     
          11           3           3   2.7249999046325684     
          11           3           4   2.7249999046325684     
          11           3           5   2.7249999046325684     
          11           3           6   2.7249999046325684     
          11           3           7   2.7249999046325684     
          11           3           8   2.7249999046325684     
          11           3           9   2.7249999046325684     
          11           3          10   2.7249999046325684     
          11           3          11   2.7249999046325684     
          11           4           1   2.7249999046325684     
          11           4           2   2.7249999046325684     
          11           4           3   2.7249999046325684     
          11           4           4   2.7249999046325684     
          11           4           5   2.7249999046325684     
          11           4           6   2.7249999046325684     
          11           4           7   2.7249999046325684     
          11           4           8   2.7249999046325684     
          11           4           9   2.7249999046325684     
          11           4          10   2.7249999046325684     
          11           4          11   2.7249999046325684     
          11           5           1   2.7249999046325684     
          11           5           2   2.7249999046325684     
          11           5           3   2.7249999046325684     
          11           5           4   2.7249999046325684     
          11           5           5   2.7249999046325684     
          11           5           6   2.7249999046325684     
          11           5           7   2.7249999046325684     
          11           5           8   2.7249999046325684     
          11           5           9   2.7249999046325684     
          11           5          10   2.7249999046325684     
          11           5          11   2.7249999046325684     
          11           6           1   2.7249999046325684     
          11           6           2   2.7249999046325684     
          11           6           3   2.7249999046325684     
          11           6           4   2.7249999046325684     
          11           6           5   2.7249999046325684     
          11           6           6   2.7249999046325684     
          11           6           7   2.7249999046325684     
          11           6           8   2.7249999046325684     
          11           6           9   2.7249999046325684     
          11           6          10   2.7249999046325684     
          11           6          11   2.7249999046325684     
          11           7           1   2.7249999046325684     
          11           7           2   2.7249999046325684     
          11           7           3   2.7249999046325684     
          11           7           4   2.7249999046325684     
          11           7           5   2.7249999046325684     
          11           7           6   2.7249999046325684     
          11           7           7   2.7249999046325684     
          11           7           8   2.7249999046325684     
          11           7           9   2.7249999046325684     
          11           7          10   2.7249999046325684     
          11           7          11   2.7249999046325684     
          11           8           1   2.7249999046325684     
          11           8           2   2.7249999046325684     
          11           8           3   2.7249999046325684     
          11           8           4   2.7249999046325684     
          11           8           5   2.7249999046325684     
          11           8           6   2.7249999046325684     
          11           8           7   2.7249999046325684     
          11           8           8   2.7249999046325684     
          11           8           9   2.7249999046325684     
          11           8          10   2.7249999046325684     
          11           8          11   2.7249999046325684     
          11           9           1   2.7249999046325684     
          11           9           2   2.7249999046325684     
          11           9           3   2.7249999046325684     
          11           9           4   2.7249999046325684     
          11           9           5   2.7249999046325684     
          11           9           6   2.7249999046325684     
          11           9           7   2.7249999046325684     
          11           9           8   2.7249999046325684     
          11           9           9   2.7249999046325684     
          11           9          10   2.7249999046325684     
          11           9          11   2.7249999046325684     
          11          10           1   2.7249999046325684     
          11          10           2   2.7249999046325684     
          11          10           3   2.7249999046325684     
          11          10           4   2.7249999046325684     
          11          10           5   2.7249999046325684     
          11          10           6   2.7249999046325684     
          11          10           7   2.7249999046325684     
          11          10           8   2.7249999046325684     
          11          10           9   2.7249999046325684     
          11          10          10   2.7249999046325684     
          11          10          11   2.7249999046325684     
          11          11           1   2.7249999046325684     
          11          11           2   2.7249999046325684     
          11          11           3   2.7249999046325684     
          11          11           4   2.7249999046325684     
          11          11           5   2.7249999046325684     
          11          11           6   2.7249999046325684     
          11          11           7   2.7249999046325684     
          11          11           8   2.7249999046325684     
          11          11           9   2.7249999046325684     
          11          11          10   2.7249999046325684     
          11          11          11   2.7249999046325684     
