   2.5000000000000000        9.8864000000000001       0.87574827433458702     
   5.0000000000000000        1.8918999999999999        1.2011471142204022     
   7.5000000000000000        1.6228199999999999       0.80464603870273321     
   10.000000000000000        0.0000000000000000        0.0000000000000000     
   12.500000000000000        0.0000000000000000        0.0000000000000000     
   15.000000000000000        0.0000000000000000        0.0000000000000000     
   17.500000000000000       -2.0000000000000000        0.0000000000000000     
   20.000000000000000        0.0000000000000000        0.0000000000000000     
   22.500000000000000        0.0000000000000000        0.0000000000000000     
   25.000000000000000       0.73762000000000005        1.3032408586289794     
   27.500000000000000        0.0000000000000000        0.0000000000000000     
   30.000000000000000        0.0000000000000000        0.0000000000000000     
   32.500000000000000        0.0000000000000000        0.0000000000000000     
   35.000000000000000       0.70252000000000003       0.95472805007499384     
   37.500000000000000        0.0000000000000000        0.0000000000000000     
   40.000000000000000        2.0000000000000000        0.0000000000000000     
   42.500000000000000        0.0000000000000000        0.0000000000000000     
   45.000000000000000        2.0000000000000000        0.0000000000000000     
   47.500000000000000       -2.0000000000000000        0.0000000000000000     
   50.000000000000000        0.0000000000000000        0.0000000000000000     
   52.500000000000000        0.0000000000000000        0.0000000000000000     
   55.000000000000000        0.0000000000000000        0.0000000000000000     
   57.500000000000000        0.0000000000000000        0.0000000000000000     
   60.000000000000000       -1.6960999999999999        1.3538112091425452     
   62.500000000000000       -2.0165000000000002       0.33563037705189758     
   65.000000000000000        0.0000000000000000        0.0000000000000000     
   67.500000000000000       0.28373999999999999        1.2144511568605796     
   70.000000000000000        0.0000000000000000        0.0000000000000000     
   72.500000000000000       -1.3819999999999999        1.2016638465061684     
   75.000000000000000        2.3600000000000001E-003   6.8661709853454711E-002
   77.500000000000000        1.6619999999999999E-002  0.18155928948968708     
   80.000000000000000        3.8333400000000002       0.55276074788284202     
   82.500000000000000        0.0000000000000000        0.0000000000000000     
   85.000000000000000       -9.6600000000000002E-003  0.90037030404162044     
   87.500000000000000        0.0000000000000000        0.0000000000000000     
   90.000000000000000        6.0280000000000000E-002  0.48716149437327250     
   92.500000000000000       0.24643999999999999        1.3507876688806424     
   95.000000000000000       -3.7539999999999997E-002  0.27142355903642557     
   97.500000000000000        5.9600000000000000E-003  0.46806460921543724     
   100.00000000000000        2.0316200000000002       0.35031439536507714     
   102.50000000000000        1.4900000000000000E-002  0.42611968975864045     
   105.00000000000000       0.20277999999999999       0.69313798885936129     
   107.50000000000000        3.3840000000000002E-002  0.38695588172296846     
   110.00000000000000        9.7299999999999998E-002  0.94242915383597936     
   112.50000000000000      -0.11090000000000000        1.5042011800287884     
   115.00000000000000       0.54027999999999998        1.0339910645648733     
   117.50000000000000        0.0000000000000000        0.0000000000000000     
   120.00000000000000        0.0000000000000000        0.0000000000000000     
   122.50000000000000        0.0000000000000000        0.0000000000000000     
   125.00000000000000       0.16758000000000001        1.0566157975347519     
   127.50000000000000        0.0000000000000000        0.0000000000000000     
   130.00000000000000       0.10530000000000000       0.79563302470422881     
   132.50000000000000        0.0000000000000000        0.0000000000000000     
   135.00000000000000      -0.90012000000000003        1.5556426278551252     
   137.50000000000000        7.8799999999999995E-002  0.49746412936009771     
   140.00000000000000        0.0000000000000000        0.0000000000000000     
   142.50000000000000        0.0000000000000000        0.0000000000000000     
   145.00000000000000       0.31246000000000002        1.2014694121782710     
   147.50000000000000        0.0000000000000000        0.0000000000000000     
   150.00000000000000       -7.5560000000000002E-002  0.67661708994083203     
   152.50000000000000        0.0000000000000000        0.0000000000000000     
   155.00000000000000       -1.5660000000000000E-002  0.17628035738561457     
   157.50000000000000       0.94174000000000002        2.2484941121559556     
   160.00000000000000       -1.7423200000000001        2.0642482935926094     
   162.50000000000000        5.7979999999999997E-002  0.73274710480492522     
   165.00000000000000      -0.10914000000000000        2.2092642350791811     
   167.50000000000000       -1.8206599999999999        1.2160087024359654     
   170.00000000000000        0.0000000000000000        0.0000000000000000     
   172.50000000000000      -0.15714000000000000        1.2424117757007940     
   175.00000000000000       0.11834000000000000        1.1695621592715797     
   177.50000000000000       0.16345999999999999        1.5990374693546114     
   180.00000000000000       -5.7200000000000003E-003  0.10680487629317306     
   182.50000000000000       0.55571999999999999        2.8339045999468651     
   185.00000000000000        0.0000000000000000        0.0000000000000000     
   187.50000000000000       0.47123999999999999        2.3346633295616739     
   190.00000000000000       -4.7860000000000000E-002  0.30566226525366197     
   192.50000000000000       -8.0800000000000004E-003   1.4332392380897196     
   195.00000000000000        5.5680000000000000E-002  0.35273182107657935     
   197.50000000000000       0.27273999999999998        2.4862447370281147     
   200.00000000000000        1.9707800000000000        3.3349042252514538     
   202.50000000000000       -7.4399999999999994E-002  0.64571250568654781     
   205.00000000000000      -0.14485999999999999        1.9879677010454671     
   207.50000000000000      -0.14926000000000000        1.4785673648501783     
   210.00000000000000      -0.54790000000000005        2.4587650538430874     
   212.50000000000000      -0.38231999999999999        2.1545281194730324     
   215.00000000000000        8.1119999999999998E-002  0.76371430888781966     
   217.50000000000000       0.13941999999999999        2.3233514722486563     
   220.00000000000000       0.11898000000000000        3.0852753134201816     
   222.50000000000000       0.29740000000000000        1.8987241084475648     
   225.00000000000000        6.8799999999999998E-003  0.19624644098683675     
   227.50000000000000       -5.4100000000000002E-002   2.2188810671146841     
   230.00000000000000       0.43741999999999998        2.4592160831451961     
   232.50000000000000       0.36642000000000002        2.2663133904206627     
   235.00000000000000       0.39007999999999998        2.1850944129716683     
   237.50000000000000       0.28372000000000003        1.5892082813778690     
   240.00000000000000        2.4219999999999998E-002  0.29341675412286872     
   242.50000000000000       -6.5420000000000006E-002   2.3043090555739263     
   245.00000000000000      -0.15959999999999999        2.6421596923728892     
   247.50000000000000       -5.5359999999999999E-002  0.39604958073453378     
   250.00000000000000       -6.2839999999999993E-002  0.58471457515611835     
   252.50000000000000        8.9120000000000005E-002  0.51882330865141357     
   255.00000000000000        8.1299999999999997E-002  0.56291234664022072     
   257.50000000000000      -0.44144000000000000        2.6325521317535197     
   260.00000000000000       0.44068000000000002        2.5675437946800441     
   262.50000000000000        1.1149400000000000        3.2595442620710031     
   265.00000000000000       0.57223999999999997        2.9466831153688720     
   267.50000000000000        2.6780000000000002E-002  0.60096824508454683     
   270.00000000000000       0.20970000000000000        1.7947885418622440     
   272.50000000000000       -6.8279999999999993E-002  0.46171185992997843     
   275.00000000000000        2.5520000000000001E-002  0.69165651128287664     
   277.50000000000000       0.13724000000000000       0.75204067868699764     
   280.00000000000000       -3.4459999999999998E-002  0.78034127687826438     
   282.50000000000000        7.1120000000000003E-002  0.49926140007014358     
   285.00000000000000        1.9400000000000001E-002  0.86534596549588194     
   287.50000000000000       0.55364000000000002        2.4652875593731456     
   290.00000000000000        3.2799999999999999E-003  0.70811668642957426     
   292.50000000000000       0.26650000000000001        2.7992244908188408     
   295.00000000000000        5.4120000000000001E-002   2.2063071013800415     
   297.50000000000000        3.0920000000000000E-002  0.73495847066347908     
   300.00000000000000       0.35039999999999999       0.99435398123605867     
   302.50000000000000      -0.42884000000000000        2.3705054849968183     
   305.00000000000000        3.9879999999999999E-002   2.4216377899264785     
   307.50000000000000       0.23030000000000000        2.0141802079257953     
   310.00000000000000      -0.94608000000000003        4.0008364917351971     
   312.50000000000000       0.15129999999999999        1.1039693428714406     
   315.00000000000000      -0.18250000000000000        2.6097842343764746     
   317.50000000000000       0.15071999999999999       0.92732059267547806     
   320.00000000000000      -0.13747999999999999        1.4958807604886160     
   322.50000000000000       -7.4859999999999996E-002   1.2683989831279432     
   325.00000000000000       0.39467999999999998        1.8983539442369539     
   327.50000000000000       -8.9139999999999997E-002   1.6075117605790634     
   330.00000000000000       0.61362000000000005        3.1794953208960695     
   332.50000000000000      -0.13344000000000000        1.1388563414232720     
   335.00000000000000       -8.7700000000000000E-002   1.3499439655037537     
   337.50000000000000      -0.35354000000000002        1.5938411051293664     
   340.00000000000000       0.19636000000000001        1.4513451520572218     
   342.50000000000000       0.30287999999999998        3.0914112805642668     
   345.00000000000000        6.6760000000000000E-002   1.4774650934624480     
   347.50000000000000       -6.2740000000000004E-002   1.4025204784244685     
   350.00000000000000       0.33835999999999999        1.5253565191128269     
   352.50000000000000       -7.2520000000000001E-002   1.6105964266693253     
   355.00000000000000        5.2819999999999999E-002   3.9811819912684223     
   357.50000000000000       0.68462000000000001        4.1899564980557971     
   360.00000000000000       -1.1540000000000000E-002   1.2756436917885809     
   362.50000000000000        1.5713800000000000        3.7078302139661141     
   365.00000000000000       0.46804000000000001        1.7851774585177800     
   367.50000000000000       0.15396000000000001        1.7756284291483959     
   370.00000000000000       0.59248000000000001        1.9052788377557759     
   372.50000000000000      -0.28832000000000002        1.9722047504252695     
   375.00000000000000       0.67364000000000002        2.0932962404781605     
   377.50000000000000       -8.7959999999999997E-002   2.0849611599260069     
   380.00000000000000       0.72106000000000003        1.9233388875598600     
   382.50000000000000       0.19844000000000001        5.2040351234787030     
   385.00000000000000      -0.36598000000000003        2.5871873993972683     
   387.50000000000000        2.8100000000000000E-002   2.1115800695213998     
   390.00000000000000        4.6519999999999999E-002   2.2372652702797673     
   392.50000000000000        1.5079199999999999        3.7579911220757296     
   395.00000000000000       0.11688000000000000        2.0785040451247623     
   397.50000000000000        4.5999999999999999E-003   2.6134687371384415     
   400.00000000000000       0.10292000000000000        2.3516563255714047     
   402.50000000000000       0.29039999999999999        2.9117259211677187     
   405.00000000000000      -0.30412000000000000        2.4197667295836598     
   407.50000000000000       0.56140000000000001        2.2268789908748969     
   410.00000000000000       0.17122000000000001        2.8324977866893382     
   412.50000000000000       0.45029999999999998        5.3845844695760876     
   415.00000000000000       0.39835999999999999        2.4601035161960154     
   417.50000000000000       0.32300000000000001        2.6755618101624936     
   420.00000000000000       0.62468000000000001        2.8834588427095680     
   422.50000000000000       -7.4200000000000004E-003   2.9094853399871252     
   425.00000000000000        8.1759999999999999E-002   4.1767302166168214     
   427.50000000000000       0.74875999999999998        5.0339247573240504     
   430.00000000000000      -0.35642000000000001        2.9000215143339885     
   432.50000000000000        2.0600000000000002E-003   2.6171350283086272     
   435.00000000000000       0.14906000000000000        3.8390078296872487     
   437.50000000000000      -0.41492000000000001        2.8825407878467217     
   440.00000000000000      -0.22037999999999999        3.9956417076109312     
   442.50000000000000       -4.3839999999999997E-002   3.0756979784107545     
   445.00000000000000       0.22184000000000001        3.3107200144983566     
   447.50000000000000      -0.11958000000000001        3.9765588922584811     
   450.00000000000000      -0.36543999999999999        3.3593888739471649     
   452.50000000000000      -0.19846000000000000        3.1246525612298082     
   455.00000000000000       0.39726000000000000        6.3769384889929750     
   457.50000000000000      -0.34755999999999998        3.1792706783789266     
   460.00000000000000      -0.29461999999999999        3.3130105728174186     
   462.50000000000000        2.1880000000000000E-002   3.5919355876184640     
   465.00000000000000        1.2580400000000000        6.7502752061230806     
   467.50000000000000       0.64770000000000005        4.3916881389734401     
   470.00000000000000       0.57954000000000006        4.2382842505429013     
   472.50000000000000       0.29446000000000000        4.0227320701732046     
   475.00000000000000      -0.21078000000000000        3.8861924542667725     
   477.50000000000000       0.50946000000000002        4.4401993771000869     
   480.00000000000000      -0.81521999999999994        3.4484454978439198     
   482.50000000000000        5.9119999999999999E-002   4.2611013629811714     
   485.00000000000000       0.22242000000000001        4.2180290828300366     
   487.50000000000000      -0.31916000000000000        4.2267596210809053     
   490.00000000000000        1.5198000000000000        4.7617274134498713     
   492.50000000000000       -4.0460000000000003E-002   3.6964419362949554     
   495.00000000000000       0.69816000000000000        3.9846320550836305     
   497.50000000000000       0.18620000000000000        4.9773054517479638     
   500.00000000000000        8.4000000000000005E-002   6.3188214090920471     
   502.50000000000000      -0.14677999999999999        5.1071964551601106     
   505.00000000000000       0.21487999999999999        4.9178680935543611     
   507.50000000000000       -7.9460000000000003E-002   4.3357728386528738     
   510.00000000000000        1.4819599999999999        4.6716543706057703     
   512.50000000000000       0.10316000000000000        5.3219167613182377     
   515.00000000000000      -0.36959999999999998        6.5818261781970513     
   517.50000000000000       0.37324000000000002        5.5438300751736609     
   520.00000000000000       -2.1559999999999999E-002   5.2737932426669891     
   522.50000000000000       0.53110000000000002        5.6841228690097827     
   525.00000000000000      -0.18118000000000001        4.9747777646443661     
   527.50000000000000       -8.4000000000000003E-004   4.4216376258576409     
   530.00000000000000      -0.27013999999999999        5.3982167778258034     
   532.50000000000000       0.78634000000000004        5.1756535243773802     
   535.00000000000000       0.18881999999999999        4.9802316218826608     
   537.50000000000000      -0.23633999999999999        7.2965158400705201     
   540.00000000000000        1.1321600000000001        5.2974912679871400     
   542.50000000000000       0.32888000000000001        5.2520470243134723     
   545.00000000000000        3.7199999999999997E-002   5.9047486110756653     
   547.50000000000000       0.52347999999999995        6.5829392135732192     
   550.00000000000000      -0.60718000000000005        5.4541151846656115     
   552.50000000000000      -0.51536000000000004        5.4274638709437761     
   555.00000000000000       0.82043999999999995        5.8459146595207834     
   557.50000000000000      -0.49142000000000002        9.0823029229155310     
   560.00000000000000        1.3154399999999999        5.3281232724478143     
   562.50000000000000       0.72218000000000004        7.8554602696213793     
   565.00000000000000       0.70574000000000003        6.7092392305238304     
   567.50000000000000       -1.5285400000000000        5.9209801104546873     
   570.00000000000000       0.37264000000000003        5.9032753137897949     
   572.50000000000000      -0.10675999999999999        5.7037778973589068     
   575.00000000000000       0.25566000000000000        5.8578253613777180     
   577.50000000000000       0.73751999999999995        6.3672838989321026     
   580.00000000000000        1.8788400000000001        6.2782067705993887     
   582.50000000000000       0.48280000000000001        6.2306680348097503     
   585.00000000000000        1.3268000000000000        5.9804215369821554     
   587.50000000000000       -1.5620000000000000E-002   8.5438981744634575     
   590.00000000000000      -0.23074000000000000        6.6324595025073467     
   592.50000000000000       -6.7140000000000005E-002   8.2440919585118646     
   595.00000000000000       -1.5872400000000000        6.6378512473842015     
   597.50000000000000       0.76876000000000000        6.7730678471723582     
   600.00000000000000        8.9800000000000005E-002   8.4922703654558713     
   602.50000000000000      -0.76851999999999998        7.1094821899769887     
   605.00000000000000       0.40727999999999998        6.6252700323533977     
   607.50000000000000       0.67693999999999999        6.4280908702662254     
   610.00000000000000        1.5001599999999999        7.0565884090259940     
   612.50000000000000        1.7237600000000000        6.7205901126612391     
   615.00000000000000        1.1609600000000000        7.0849200333101852     
   617.50000000000000        1.1254599999999999        7.8974894611135760     
   620.00000000000000       0.22697999999999999        7.0539719364057580     
   622.50000000000000        1.4331199999999999        9.2338901371848685     
   625.00000000000000      -0.40523999999999999        7.8543911630628633     
   627.50000000000000       0.55730000000000002        7.9530683833348252     
   630.00000000000000       0.52520000000000000        7.5938346676761412     
   632.50000000000000      -0.26572000000000001        7.2709086695955687     
   635.00000000000000       0.48908000000000001        9.1382449493105611     
   637.50000000000000      -0.59777999999999998        9.8477722897922444     
   640.00000000000000       0.43880000000000002        8.0552799181654748     
   642.50000000000000       -7.1900000000000006E-002   7.6639565754249936     
   645.00000000000000        7.9320000000000002E-002   7.8577572078551778     
   647.50000000000000      -0.93418000000000001        7.4797424907278725     
   650.00000000000000       0.55167999999999995        8.5125066330429373     
   652.50000000000000       0.62831999999999999        10.158500577230875     
   655.00000000000000        1.2805000000000000        8.0243205164051119     
   657.50000000000000       0.43825999999999998        9.0542083128454696     
   660.00000000000000       -8.0000000000000002E-003   8.1609421024781206     
   662.50000000000000        2.1225600000000000        7.6294547017725973     
   665.00000000000000       0.33184000000000002        7.4114858304121443     
   667.50000000000000       0.91479999999999995        10.422495908370509     
   670.00000000000000      -0.73451999999999995        10.488691070367169     
   672.50000000000000        1.5922400000000001        8.6026165660454730     
   675.00000000000000       0.52698000000000000        9.1318263277178016     
   677.50000000000000        1.1151400000000000        8.6913027090534598     
   680.00000000000000       0.48182000000000003        8.0785474862502351     
   682.50000000000000        1.2476000000000000        9.6046058867607886     
   685.00000000000000      -0.16266000000000000        11.069376754108607     
   687.50000000000000      -0.14549999999999999        9.2445740707725417     
   690.00000000000000        1.4179800000000000        8.9048712915796830     
   692.50000000000000        1.0896600000000001        8.2058297011575867     
   695.00000000000000        1.9067799999999999        8.2610501772837566     
   697.50000000000000       0.70906000000000002        9.6842756010142548     
   700.00000000000000        1.2691600000000001        9.5945459973049267     
   702.50000000000000       0.87763999999999998        9.7862550564758930     
   705.00000000000000      -0.69154000000000004        10.832147175348016     
   707.50000000000000      -0.52890000000000004        9.2773824320225149     
   710.00000000000000       0.32506000000000002        9.3436040153893511     
   712.50000000000000       0.50068000000000001        9.6384791091540993     
   715.00000000000000        1.6763999999999999        8.9464542160567735     
   717.50000000000000        1.5777399999999999        9.0051661002115893     
   720.00000000000000       0.90024000000000004        9.0068089766798103     
   722.50000000000000        1.3069599999999999        9.8250096976237131     
   725.00000000000000       0.92225999999999997        10.635120896933895     
   727.50000000000000       0.45078000000000001        9.9472507453868868     
   730.00000000000000       0.24218000000000001        9.3049034840561351     
   732.50000000000000       -4.3580000000000001E-002   10.042138257542563     
   735.00000000000000       0.74575999999999998        9.2997506430226409     
   737.50000000000000       0.36781999999999998        10.213842981346444     
   740.00000000000000      -0.60641999999999996        9.5378181353808600     
   742.50000000000000       0.79305999999999999        10.290996833951510     
   745.00000000000000        1.0531999999999999        10.817905978515435     
   747.50000000000000       0.80530000000000002        10.376766929540242     
   750.00000000000000        1.7598800000000001        10.697862514801731     
   752.50000000000000       0.81542000000000003        10.677884164177845     
   755.00000000000000      -0.67340000000000000        10.537599937367142     
   757.50000000000000       0.66986000000000001        11.288229603458639     
   760.00000000000000        2.9642800000000000        10.464454313608522     
   762.50000000000000        1.4477599999999999        10.134013567308857     
   765.00000000000000        3.8495200000000001        10.737902764022405     
   767.50000000000000       -1.7397400000000001        13.444394546888304     
   770.00000000000000       0.90095999999999998        11.361180883975045     
   772.50000000000000        2.7530999999999999        10.298889279432030     
   775.00000000000000        1.1162000000000001        12.348662176932365     
   777.50000000000000        8.7919999999999998E-002   12.254290272129186     
   780.00000000000000       0.50726000000000004        10.501722110796877     
   782.50000000000000        1.6683800000000000        11.661704342659354     
   785.00000000000000        1.4668600000000001        12.250036805675320     
   787.50000000000000       0.83960000000000001        10.820308306143593     
   790.00000000000000       -2.4780400000000000        11.466634979731413     
   792.50000000000000       0.16053999999999999        13.192326061328229     
   795.00000000000000        1.1659200000000001        11.264098301843784     
   797.50000000000000       -1.1167400000000001        12.588965476654545     
   800.00000000000000        1.8184000000000000        11.242027461272277     
   802.50000000000000       -1.7187600000000001        11.768079880014412     
   805.00000000000000        1.6983200000000001        11.819662819962335     
   807.50000000000000       0.32385999999999998        14.362368700893317     
   810.00000000000000        1.4586399999999999        11.986821486549301     
   812.50000000000000       -1.3311999999999999        11.545897390848404     
   815.00000000000000        1.1954199999999999        12.389943140450645     
   817.50000000000000        2.5764600000000000        10.563528476243153     
   820.00000000000000       0.83877999999999997        12.746908963023154     
   822.50000000000000        7.9560000000000006E-002   13.180852408186658     
   825.00000000000000       -1.2652399999999999        12.158630175410387     
   827.50000000000000        4.0501600000000000        14.329009874181816     
   830.00000000000000       0.99063999999999997        11.920133908241132     
   832.50000000000000        1.3788000000000000        12.688077496610745     
   835.00000000000000        2.5524200000000001        12.692706257674130     
   837.50000000000000        1.0465599999999999        11.373438889201454     
   840.00000000000000       0.83874000000000004        13.335315339818553     
   842.50000000000000        1.1276800000000000        12.613961226260368     
   845.00000000000000       0.13933999999999999        12.976328616538654     
   847.50000000000000        4.6536600000000004        13.733991721433357     
   850.00000000000000        1.5987400000000000        12.933899273320479     
   852.50000000000000       0.52768000000000004        12.466115426130147     
   855.00000000000000      -0.17124000000000000        13.014129124240316     
   857.50000000000000       0.75763999999999998        12.946952600144947     
   860.00000000000000       0.93769999999999998        13.549652346462620     
   862.50000000000000       0.20522000000000001        12.977959961087876     
   865.00000000000000       0.27742000000000000        12.995720762758793     
   867.50000000000000        1.4177200000000001        12.366082241421493     
   870.00000000000000       -1.7581599999999999        13.853351703266615     
   872.50000000000000        1.0924600000000000        13.713952426211781     
   875.00000000000000        2.1811600000000002        12.031913441111518     
   877.50000000000000        1.3082000000000000        13.680811845793363     
   880.00000000000000        2.0731400000000000        12.348235928277367     
   882.50000000000000       0.17126000000000000        14.205795648692121     
   885.00000000000000       -1.9876000000000000        12.684882586764452     
   887.50000000000000        3.4109400000000001        13.366851847626650     
   890.00000000000000        3.1855600000000002        14.013395287595365     
   892.50000000000000        1.9007600000000000        12.570288438313579     
   895.00000000000000       0.29409999999999997        14.797143818656355     
   897.50000000000000       0.53398000000000001        13.358312219722968     
   900.00000000000000        3.4321799999999998        14.477077759257909     
   902.50000000000000        1.7982000000000000        13.864183955790546     
   905.00000000000000        8.1000000000000003E-002   15.088589032775728     
   907.50000000000000        1.2441800000000001        15.927278993211615     
   910.00000000000000        2.1008200000000001        13.804380294949860     
   912.50000000000000        1.1157200000000000        15.101559153994664     
   915.00000000000000       0.22386000000000000        14.605349934198768     
   917.50000000000000      -0.78013999999999994        14.565987147474765     
   920.00000000000000        3.5205799999999998        13.602580507521358     
   922.50000000000000       0.65344000000000002        15.177740812334358     
   925.00000000000000        3.3006400000000000        14.713183733998568     
   927.50000000000000        1.2942199999999999        16.569270188864685     
   930.00000000000000        1.0963600000000000        15.618109832831884     
   932.50000000000000      -0.20971999999999999        14.413311122764261     
   935.00000000000000       0.24892000000000000        14.570923060451593     
   937.50000000000000        1.6770400000000001        15.735870387061532     
   940.00000000000000        8.5339999999999999E-002   15.572985490406134     
   942.50000000000000       0.91613999999999995        15.410316268668856     
   945.00000000000000       0.24514000000000000        14.629488930936720     
   947.50000000000000        1.8581399999999999        15.600543443752208     
   950.00000000000000       0.99278000000000000        14.926910861648501     
   952.50000000000000        1.3338399999999999        15.854366933258484     
   955.00000000000000      -0.26207999999999998        15.708602549991516     
   957.50000000000000        1.1420600000000001        17.324319869951605     
   960.00000000000000        2.2473999999999998        17.068970479791684     
   962.50000000000000        1.2114000000000000        16.555149955225414     
   965.00000000000000        1.0458400000000001        14.540301877691535     
   967.50000000000000       0.15508000000000000        15.541913337604221     
   970.00000000000000        1.4650000000000001        16.295504134576507     
   972.50000000000000        1.3344199999999999        15.781305499343201     
   975.00000000000000       -8.0420000000000005E-002   16.372248856635427     
   977.50000000000000        1.1722999999999999        16.549465027909513     
   980.00000000000000        2.7493400000000001        16.547131762465664     
   982.50000000000000        1.5811800000000000        15.745828330310221     
   985.00000000000000       0.26813999999999999        15.703120102081623     
   987.50000000000000       0.35410000000000003        15.833627922557735     
   990.00000000000000        3.9377599999999999        16.173881605304274     
   992.50000000000000        3.7000199999999999        17.242757668064584     
   995.00000000000000        4.9029999999999996        16.815933842638653     
   997.50000000000000       0.44900000000000001        16.158472669160290     
   1000.0000000000000        1.5994600000000001        17.451099899673945     
   1002.5000000000000        3.3264200000000002        15.914542091546334     
   1005.0000000000000       -1.9418000000000000        17.601533250259763     
   1007.5000000000000        2.0879799999999999        15.550008987765890     
   1010.0000000000000        2.6638799999999998        17.208941377830303     
   1012.5000000000000       0.71174000000000004        17.846920915732216     
   1015.0000000000000        1.1088400000000000        17.329339106105575     
   1017.5000000000000        3.2647800000000000        16.458234764141629     
   1020.0000000000000       0.44701999999999997        15.556538596988728     
   1022.5000000000000        1.9356000000000000        18.397095766451834     
   1025.0000000000000       0.49664000000000003        17.090460166724593     
   1027.5000000000000      -0.32801999999999998        16.929776220600200     
   1030.0000000000000      -0.48812000000000000        15.820398821319266     
   1032.5000000000000        3.5482600000000000        16.591100354479206     
   1035.0000000000000        1.3553200000000001        16.775710646574709     
   1037.5000000000000        1.7451200000000000        17.340112923092512     
   1040.0000000000000        1.8295399999999999        16.811439658411174     
   1042.5000000000000        1.3700000000000001        16.841436399547398     
   1045.0000000000000       0.62892000000000003        17.490094900645911     
   1047.5000000000000        2.4270999999999998        17.514899531256237     
   1050.0000000000000       0.50014000000000003        18.396870929057474     
   1052.5000000000000        2.1315400000000002        17.714051406394869     
   1055.0000000000000       0.65647999999999995        17.256745753750909     
   1057.5000000000000        1.4985200000000001        18.165524429798332     
   1060.0000000000000        3.1320000000000001E-002   17.943419380307645     
   1062.5000000000000        2.2856800000000002        19.155134740784259     
   1065.0000000000000        1.1415599999999999        18.132378795028522     
   1067.5000000000000      -0.77539999999999998        19.149927280279684     
   1070.0000000000000       0.98970000000000002        19.910708021313557     
   1072.5000000000000        3.3546200000000002        18.842577441942492     
   1075.0000000000000      -0.16633999999999999        18.956682489412540     
   1077.5000000000000        1.9433199999999999        17.497510319402586     
   1080.0000000000000       0.52644000000000002        18.688331678520694     
   1082.5000000000000        1.6200399999999999        18.017170432628980     
   1085.0000000000000      -0.36083999999999999        16.857016180047999     
   1087.5000000000000        3.2692399999999999        18.826313229689980     
   1090.0000000000000        2.7760199999999999        18.436728369198260     
   1092.5000000000000        2.5089399999999999        19.808046346785439     
   1095.0000000000000        1.5404599999999999        17.699002881190793     
   1097.5000000000000        1.9475000000000000        18.568287044043668     
   1100.0000000000000        2.9528200000000000        18.778684033967874     
   1102.5000000000000        2.6737199999999999        18.197655380889046     
   1105.0000000000000       0.26984000000000002        19.435731691253611     
   1107.5000000000000        3.2933599999999998        19.080294020543814     
   1110.0000000000000        3.0632999999999999        19.923812715190834     
   1112.5000000000000        3.6921800000000000        18.260758112619531     
   1115.0000000000000      -0.37540000000000001        19.079529209076412     
   1117.5000000000000       0.86858000000000002        19.204472624459125     
   1120.0000000000000        3.5264400000000000        19.940081768297741     
   1122.5000000000000        1.9416800000000001        18.581992325302473     
   1125.0000000000000        3.4927800000000002        19.093991931275134     
   1127.5000000000000      -0.68435999999999997        18.391084018904376     
   1130.0000000000000        5.7655399999999997        19.411246959131709     
   1132.5000000000000        2.7864800000000001        18.630115652072586     
   1135.0000000000000        3.7782399999999998        18.777044029942520     
   1137.5000000000000        1.0464800000000001        19.353624973363516     
   1140.0000000000000        2.0226000000000002        18.733257304590680     
   1142.5000000000000        3.5163400000000000        19.847146721995077     
   1145.0000000000000        1.1520800000000000        19.648686258210752     
   1147.5000000000000        2.8214800000000002        19.486156383689423     
   1150.0000000000000        4.6484800000000002        18.070706507760011     
   1152.5000000000000       0.39920000000000000        18.827105974100217     
   1155.0000000000000        2.9999199999999999        19.043537486339034     
   1157.5000000000000      -0.19117999999999999        19.341113985693791     
   1160.0000000000000       0.97746000000000000        18.745644079316133     
   1162.5000000000000        2.4111799999999999        18.739714272304152     
   1165.0000000000000        1.5134799999999999        20.015348567776680     
   1167.5000000000000        3.2511999999999999        19.072011392614048     
   1170.0000000000000        1.6187400000000001        20.138354471316667     
   1172.5000000000000        3.5497600000000000        19.068392799142774     
   1175.0000000000000       -1.8233200000000001        19.199247489878346     
   1177.5000000000000        1.6372199999999999        19.864741394531165     
   1180.0000000000000       0.89204000000000006        21.540624518300298     
   1182.5000000000000        2.3649600000000000        19.664382120941404     
   1185.0000000000000      -0.39763999999999999        18.980844091620373     
   1187.5000000000000       0.73980000000000001        20.548782347380101     
   1190.0000000000000        1.5443000000000000        19.436425018763096     
   1192.5000000000000        2.6463800000000002        17.726905903050312     
   1195.0000000000000       -1.2425400000000000        19.175158261365144     
   1197.5000000000000      -0.41058000000000000        19.910393870127230     
   1200.0000000000000       0.65659999999999996        20.051429785429267     
   1202.5000000000000        3.4838000000000000        19.722290373077868     
   1205.0000000000000        2.9236599999999999        16.910524894408216     
   1207.5000000000000        2.0005999999999999        20.399807833408627     
   1210.0000000000000       -1.4556400000000000        19.654291953423304     
   1212.5000000000000        3.6579000000000002        21.460595695133907     
   1215.0000000000000        2.9066000000000001        18.732863007025912     
   1217.5000000000000       0.38932000000000000        22.673987517364477     
   1220.0000000000000        2.9436399999999998        20.148920158420403     
   1222.5000000000000       0.88807999999999998        21.371870154799275     
   1225.0000000000000        2.0565199999999999        18.781727436250371     
   1227.5000000000000        1.1605600000000000        20.149016365232324     
   1230.0000000000000      -0.88568000000000002        19.431046573398973     
   1232.5000000000000      -0.50556000000000001        20.052756645568710     
   1235.0000000000000        1.9056000000000000        19.035355752914104     
   1237.5000000000000        1.5236600000000000        20.229561048238292     
   1240.0000000000000      -0.13575999999999999        19.457801757197551     
   1242.5000000000000        3.8270800000000000        19.594083256779328     
   1245.0000000000000        1.2231799999999999        20.342008521471030     
   1247.5000000000000       0.78105999999999998        18.858892472157532     
   1250.0000000000000        1.2153600000000000        19.294607020367117     
   1252.5000000000000        1.4592200000000000        19.469518663582829     
   1255.0000000000000       0.59930000000000005        20.360554007934066     
   1257.5000000000000       0.84721999999999997        20.093474021970419     
   1260.0000000000000        1.1953199999999999        20.640515742044819     
   1262.5000000000000       -5.5999999999999999E-003   20.305001567101638     
   1265.0000000000000        1.2218800000000001        19.377848416828943     
   1267.5000000000000        3.1107000000000000        21.139324149792490     
   1270.0000000000000        2.7865600000000001        21.481293335514042     
   1272.5000000000000       0.32106000000000001        19.901173846695578     
   1275.0000000000000        2.9564400000000002        21.045598649750975     
   1277.5000000000000        1.4907800000000000        19.594724162171815     
   1280.0000000000000        3.1321599999999998        20.505391821040632     
   1282.5000000000000       0.53630000000000000        21.838749559212406     
   1285.0000000000000        4.2363400000000002        21.077901778981701     
   1287.5000000000000        3.9850800000000000        19.600347379411417     
   1290.0000000000000        1.4755799999999999        20.650756491315274     
   1292.5000000000000       0.71009999999999995        20.488790056760308     
   1295.0000000000000        1.3718600000000001        19.600303062463091     
   1297.5000000000000        2.5905999999999998        21.565909942314050     
   1300.0000000000000        1.4715800000000001        20.259757459150393     
   1302.5000000000000        2.4374400000000001        21.107001829876264     
   1305.0000000000000        3.9049399999999999        20.189645950248856     
   1307.5000000000000        3.8599800000000002        20.479844589244326     
   1310.0000000000000        3.1400999999999999        19.639355691824516     
   1312.5000000000000       0.92615999999999998        19.623457077039205     
   1315.0000000000000        2.1936000000000000        20.539572513565126     
   1317.5000000000000        3.5146999999999999        20.125527170983620     
   1320.0000000000000       0.89949999999999997        19.885698875071000     
   1322.5000000000000       -9.6519999999999995E-002   20.534411213609218     
   1325.0000000000000       0.17480000000000001        20.365525894511045     
   1327.5000000000000        3.5258600000000002        19.977766423211580     
   1330.0000000000000        1.6266799999999999        20.745491851908454     
   1332.5000000000000       -9.7680000000000003E-002   20.395614690849598     
   1335.0000000000000      -0.55278000000000005        19.835483212455401     
   1337.5000000000000        4.5965600000000002        20.979188644139697     
   1340.0000000000000        1.5550999999999999        19.664805719609845     
   1342.5000000000000        2.4539999999999999E-002   20.345403357721860     
   1345.0000000000000        1.9904800000000000        20.329367657888426     
   1347.5000000000000      -0.65649999999999997        20.848236562117190     
   1350.0000000000000       0.71875999999999995        22.653696035358113     
   1352.5000000000000       -1.0347800000000000        21.167019401691867     
   1355.0000000000000        2.0194800000000002        20.657243294534730     
   1357.5000000000000       0.26185999999999998        20.329388316926803     
   1360.0000000000000      -0.89937999999999996        21.975505355181255     
   1362.5000000000000        1.3283600000000000        20.546137829538669     
   1365.0000000000000        2.8800599999999998        21.051468699271318     
   1367.5000000000000        3.2065000000000001        21.926745261210108     
   1370.0000000000000        3.9731200000000002        20.433836582139929     
   1372.5000000000000       -3.1899999999999998E-002   20.816589115174462     
   1375.0000000000000       0.82420000000000004        20.507558956638405     
   1377.5000000000000        4.6463599999999996        21.807957693245829     
   1380.0000000000000       0.12447999999999999        20.311181765953453     
   1382.5000000000000      -0.69847999999999999        19.725900884106661     
   1385.0000000000000        6.6117600000000003        21.633632836451671     
   1387.5000000000000        3.3784600000000000        20.648077102442251     
   1390.0000000000000        2.2373200000000000        19.856978602435973     
   1392.5000000000000        1.3879600000000001        20.195252091479322     
   1395.0000000000000       -2.3850199999999999        20.903061010282681     
   1397.5000000000000        4.0533599999999996        20.797944915553554     
   1400.0000000000000        1.6757000000000000        20.842640655876597     
   1402.5000000000000        2.3291800000000000        20.258985180102187     
   1405.0000000000000        1.1623000000000001        20.174930451181240     
   1407.5000000000000        1.4371200000000000        22.276408285574224     
   1410.0000000000000        1.3979200000000001        20.504781385657346     
   1412.5000000000000       0.48536000000000001        21.166984331037806     
   1415.0000000000000        2.5729000000000002        20.740555093584163     
   1417.5000000000000       0.61294000000000004        20.213837452507626     
   1420.0000000000000      -0.56920000000000004        22.512929870632121     
   1422.5000000000000      -0.34614000000000000        21.569724780358232     
   1425.0000000000000        2.2082000000000002        21.493178749547493     
   1427.5000000000000        4.3467399999999996        20.754289469225391     
   1430.0000000000000        1.0026600000000001        21.914922608222920     
   1432.5000000000000       0.16905999999999999        20.478213269628775     
   1435.0000000000000        1.6582200000000000        21.734750664123112     
   1437.5000000000000        1.0133799999999999        22.862996762795554     
   1440.0000000000000       -1.5922200000000000        21.319851675647275     
   1442.5000000000000        3.1585800000000002        20.423166561128564     
   1445.0000000000000       0.41496000000000000        21.908456088880385     
   1447.5000000000000      -0.10104000000000000        21.666136501886992     
   1450.0000000000000       0.84818000000000005        20.445783689739066     
   1452.5000000000000        1.1920800000000000        19.601670981668885     
   1455.0000000000000        1.0978800000000000        22.561133382558598     
   1457.5000000000000       0.29812000000000000        19.602046945806450     
   1460.0000000000000      -0.42546000000000000        20.407590347427107     
   1462.5000000000000       -1.0370400000000000        20.903964887991943     
   1465.0000000000000        4.7855400000000001        20.134615141799955     
   1467.5000000000000        1.0443800000000001        22.450100009033367     
   1470.0000000000000        2.6068199999999999        21.906234032521429     
   1472.5000000000000        6.0900400000000001        22.532709841437182     
   1475.0000000000000        2.6463199999999998        19.293914855663690     
   1477.5000000000000       0.93737999999999999        23.667885387917526     
   1480.0000000000000       -8.5760000000000003E-002   21.591403965986093     
   1482.5000000000000       0.94965999999999995        20.382112399955016     
   1485.0000000000000        2.7473600000000000        20.647876719662968     
   1487.5000000000000       0.49137999999999998        21.896495283391815     
   1490.0000000000000        2.3493400000000002        21.411453046544974     
   1492.5000000000000       -1.0147400000000000        21.845649972761166     
   1495.0000000000000       0.80325999999999997        22.010605020589509     
   1497.5000000000000      -0.40804000000000001        22.168497995092043     
   1500.0000000000000       0.41410000000000002        22.460363336108347     
   1502.5000000000000       0.96038000000000001        21.920964172581463     
   1505.0000000000000       0.73119999999999996        21.069000606578378     
   1507.5000000000000        3.4807399999999999        20.377248318956120     
   1510.0000000000000       0.35592000000000001        22.094928851517039     
   1512.5000000000000        2.0414800000000000        19.596704809982722     
   1515.0000000000000        1.9002200000000000        22.003739771947856     
   1517.5000000000000        2.7971400000000002        21.860570162289914     
   1520.0000000000000        2.7451800000000000        20.648187009217057     
   1522.5000000000000        1.9553199999999999        21.302912563722359     
   1525.0000000000000       0.33257999999999999        21.925796463152711     
   1527.5000000000000       0.35843999999999998        21.991296477615865     
   1530.0000000000000        4.5824199999999999        22.191087105944131     
   1532.5000000000000        2.3662200000000002        21.026050578071004     
   1535.0000000000000        1.3762799999999999        21.817875546477939     
   1537.5000000000000        1.2189200000000000        22.074729308274655     
   1540.0000000000000       0.29665999999999998        22.462675549551083     
   1542.5000000000000       -1.5746400000000000        21.359802173016490     
   1545.0000000000000        1.6804200000000000        21.067688734733100     
   1547.5000000000000        2.2233000000000001        21.246571890778050     
   1550.0000000000000       -1.8517800000000000        20.147541558006527     
   1552.5000000000000       -1.1508799999999999        22.065835022169452     
   1555.0000000000000       0.14985999999999999        22.889209291288331     
   1557.5000000000000        2.1534200000000001        21.769202610651590     
   1560.0000000000000        4.6730000000000000        21.657806698740295     
   1562.5000000000000        3.1363599999999998        22.200698321233052     
   1565.0000000000000        2.0841200000000000        21.518218416625480     
   1567.5000000000000        2.2911800000000002        21.284872896204948     
   1570.0000000000000        1.9927200000000000        20.943702323171042     
   1572.5000000000000        1.6831000000000000        22.059476294554230     
   1575.0000000000000       -7.0639999999999994E-002   21.873261530699988     
   1577.5000000000000        1.9202800000000000        22.203876344494446     
   1580.0000000000000       -1.8206199999999999        23.001842161348730     
   1582.5000000000000      -0.46120000000000000        21.786441989457572     
   1585.0000000000000        1.4738400000000000        21.090372108011749     
   1587.5000000000000        3.6683200000000000        23.022117808264294     
   1590.0000000000000       0.97965999999999998        22.627102030184950     
   1592.5000000000000        1.5055600000000000        21.628435197359980     
   1595.0000000000000        4.3296999999999999        21.424342648258779     
   1597.5000000000000        3.5449199999999998        23.447251911334938     
   1600.0000000000000       0.95582000000000000        22.513746203766267     
   1602.5000000000000        2.5716199999999998        23.019188747121390     
   1605.0000000000000       -3.1583199999999998        21.573618490591699     
   1607.5000000000000      -0.36640000000000000        22.176297054287488     
   1610.0000000000000        1.2976799999999999        21.624762348234025     
   1612.5000000000000       -1.0023000000000000        22.647719415208236     
   1615.0000000000000        3.7550599999999998        21.567851177073713     
   1617.5000000000000       0.37547999999999998        22.668813263371330     
   1620.0000000000000        4.8720200000000000        20.866191341967514     
   1622.5000000000000        2.9745200000000001        21.328221462878709     
   1625.0000000000000        3.3542800000000002        21.089225819873047     
   1627.5000000000000       0.98707999999999996        23.717955921065375     
   1630.0000000000000        4.6858399999999998        21.860953856005459     
   1632.5000000000000        2.3687800000000001        24.860045883135456     
   1635.0000000000000        1.7654799999999999        22.729178611854849     
   1637.5000000000000       0.68967999999999996        21.454359498656679     
   1640.0000000000000       -1.4257800000000000        21.751185516922980     
   1642.5000000000000        1.7406400000000000        21.936694655084207     
   1645.0000000000000      -0.39141999999999999        22.137014034950603     
   1647.5000000000000        1.3329599999999999        22.527430782013290     
   1650.0000000000000        1.8095800000000000        22.120711114781098     
   1652.5000000000000        1.0446599999999999        21.451411270226490     
   1655.0000000000000        1.7608200000000001        21.404611487424852     
   1657.5000000000000        2.6616599999999999        21.700073871865044     
   1660.0000000000000        3.6629200000000002        23.173833025065147     
   1662.5000000000000      -0.53359999999999996        23.075919722515934     
   1665.0000000000000       0.85497999999999996        22.014253773398725     
   1667.5000000000000        2.9167800000000002        21.375425947372371     
   1670.0000000000000        3.5658599999999998        22.302573000898349     
   1672.5000000000000       -1.6709600000000000        22.630472656981780     
   1675.0000000000000      -0.61097999999999997        22.448695807097572     
   1677.5000000000000        1.9793799999999999        22.835812549931305     
   1680.0000000000000        1.3202000000000000        21.843791611348063     
   1682.5000000000000        4.6749000000000001        21.090312230737599     
   1685.0000000000000      -0.38362000000000002        22.741957604735788     
   1687.5000000000000        1.6168000000000000        23.110903871549464     
   1690.0000000000000        3.7419199999999999        22.042332787470567     
   1692.5000000000000      -0.93550000000000000        21.508089635065222     
   1695.0000000000000        5.3743200000000000        22.228543014277836     
   1697.5000000000000        3.2892399999999999        21.622485061213478     
   1700.0000000000000        2.7408800000000002        23.785877676167427     
   1702.5000000000000       0.85962000000000005        24.118815341048570     
   1705.0000000000000        2.2464000000000000        22.369039475131693     
   1707.5000000000000       0.49099999999999999        22.521455525786958     
   1710.0000000000000       0.35711999999999999        23.142989981970782     
   1712.5000000000000       0.31024000000000002        23.058882695013651     
   1715.0000000000000        3.3757799999999998        21.457544812759917     
   1717.5000000000000        3.0579600000000000        22.230325248146954     
   1720.0000000000000       0.73163999999999996        22.199617629824168     
   1722.5000000000000      -0.31115999999999999        22.507271257404796     
   1725.0000000000000        1.3160400000000001        22.788095987124507     
   1727.5000000000000        2.9127800000000001        23.930494200321061     
   1730.0000000000000        2.5146999999999999        23.433371159737135     
   1732.5000000000000        1.1680800000000000        22.952407915371321     
   1735.0000000000000       -3.1060400000000001        20.737589915860521     
   1737.5000000000000      -0.99985999999999997        21.954997608298662     
   1740.0000000000000        4.2265800000000002        21.881012350976818     
   1742.5000000000000        1.8372999999999999        22.768474009252355     
   1745.0000000000000        3.8965600000000000        22.021517208548552     
   1747.5000000000000      -0.15676000000000001        20.758735662424144     
   1750.0000000000000        1.8767000000000000        23.356044980047457     
   1752.5000000000000       0.44546000000000002        22.923273880237964     
   1755.0000000000000        3.9561400000000000        22.617139436728067     
   1757.5000000000000        1.3093600000000001        21.572897264632768     
   1760.0000000000000       0.81608000000000003        21.877495593271181     
   1762.5000000000000        3.3046600000000002        22.937247923070458     
   1765.0000000000000        2.0412400000000002        21.175683678748133     
   1767.5000000000000       -1.5572400000000000        21.254707798094991     
   1770.0000000000000       -1.4794000000000000        22.408850386398672     
   1772.5000000000000        3.3319999999999999        22.242726811252258     
   1775.0000000000000       -2.6203599999999998        21.938802917898688     
   1777.5000000000000        2.4950000000000001        23.091633441573595     
   1780.0000000000000      -0.29636000000000001        24.219197566195295     
   1782.5000000000000       0.71226000000000000        22.853285227564108     
   1785.0000000000000        1.9630799999999999        22.525928103268022     
   1787.5000000000000      -0.72277999999999998        22.343024617799625     
   1790.0000000000000        2.2468400000000002        22.181804029753756     
   1792.5000000000000      -0.25740000000000002        22.087080052374510     
   1795.0000000000000        1.9668399999999999        22.281544390243688     
   1797.5000000000000        1.1455400000000000        22.209254334812776     
   1800.0000000000000      -0.34277999999999997        23.023455472009410     
   1802.5000000000000        2.8604599999999998        22.478194958412473     
   1805.0000000000000       0.50988000000000000        21.882203325661703     
   1807.5000000000000       -1.1008599999999999        22.503919375531009     
   1810.0000000000000       0.94654000000000005        22.557853222955416     
   1812.5000000000000        3.4241400000000000        23.192892559152686     
   1815.0000000000000        3.7389600000000001        21.053133213809293     
   1817.5000000000000      -0.73170000000000002        23.549689066100214     
   1820.0000000000000       -1.0714200000000000        24.058126676522427     
   1822.5000000000000        2.0000000000000000        21.915382725382642     
   1825.0000000000000        2.2564000000000002        22.444908978207060     
   1827.5000000000000       -1.2153600000000000        23.975042441472343     
   1830.0000000000000        3.1221000000000001        21.845137939367653     
   1832.5000000000000        2.7211599999999998        20.500528974989887     
   1835.0000000000000        2.2679399999999998        21.305152619880477     
   1837.5000000000000        2.0493800000000002        19.895762403476777     
   1840.0000000000000        2.9423400000000002        23.759076482986455     
   1842.5000000000000       0.24578000000000000        23.248154167408646     
   1845.0000000000000        2.1570000000000000        21.922402947669763     
   1847.5000000000000       -1.3975400000000000        25.811216979220490     
   1850.0000000000000        2.1757800000000000        23.071446018652580     
   1852.5000000000000        3.8783799999999999        24.216630000386097     
   1855.0000000000000        4.8176399999999999        22.549879485939609     
   1857.5000000000000        4.4914199999999997        24.966606224787544     
   1860.0000000000000        5.0209200000000003        23.550346968858019     
   1862.5000000000000      -0.20712000000000000        22.765155420194258     
   1865.0000000000000        1.1478400000000000        23.518589739489059     
   1867.5000000000000       -2.1159599999999998        23.374416640386986     
   1870.0000000000000        2.5243799999999998        23.052604746874049     
   1872.5000000000000      -0.29471999999999998        23.778094543541542     
   1875.0000000000000      -0.60284000000000004        23.174923169978364     
   1877.5000000000000        2.5157799999999999        21.848042726789050     
   1880.0000000000000        2.0855600000000001        23.963269382252498     
   1882.5000000000000        6.1231400000000002        22.445619540132991     
   1885.0000000000000        1.9268600000000000        22.778780707939571     
   1887.5000000000000        1.4822000000000000        25.218192702095052     
   1890.0000000000000        1.2261200000000001        22.295775154625147     
   1892.5000000000000        3.2564600000000001        23.863540145343062     
   1895.0000000000000        4.5782400000000001        22.547222412137597     
   1897.5000000000000        1.6545000000000001        22.356970048510597     
   1900.0000000000000        1.5882000000000001        25.270215289150190     
   1902.5000000000000       -1.5779000000000001        22.004858363325130     
   1905.0000000000000        3.4375800000000001        22.391058120231836     
   1907.5000000000000        1.3578399999999999        23.688033065968142     
   1910.0000000000000        1.9250799999999999        23.695389994545355     
   1912.5000000000000      -0.43786000000000003        23.463967239586744     
   1915.0000000000000        2.4240200000000001        23.479223305714353     
   1917.5000000000000      -0.15271999999999999        23.114349582058328     
   1920.0000000000000        1.7431800000000000        22.075048436812093     
   1922.5000000000000        7.5092600000000003        22.889907257400587     
   1925.0000000000000       0.65761999999999998        22.693654970841518     
   1927.5000000000000        4.8863000000000003        25.438291458154183     
   1930.0000000000000        2.3816400000000000        21.910053192778879     
   1932.5000000000000        3.3455200000000000        23.458284164226505     
   1935.0000000000000        1.3947400000000001        22.886955680745309     
   1937.5000000000000        1.0273800000000000        22.654869020490935     
   1940.0000000000000        1.6037999999999999        23.574102433814950     
   1942.5000000000000       -3.0434399999999999        24.883260898973834     
   1945.0000000000000        5.3472400000000002        22.176711757661458     
   1947.5000000000000        3.0729600000000001        23.655043370038449     
   1950.0000000000000       0.66430000000000000        22.837989962122322     
   1952.5000000000000        4.1671600000000000        21.574890440843497     
   1955.0000000000000      -0.49918000000000001        22.565188661467026     
   1957.5000000000000        2.0680000000000001        23.397124951583262     
   1960.0000000000000        1.5156400000000001        23.366852492160771     
   1962.5000000000000        3.6730600000000000        23.647106170447156     
   1965.0000000000000        3.6462400000000001        22.976620592732953     
   1967.5000000000000       0.91076000000000001        22.019272381765933     
   1970.0000000000000      -0.73641999999999996        23.915443662696287     
   1972.5000000000000        3.8713000000000002        24.093251260674638     
   1975.0000000000000        2.0626000000000002        24.132668340653918     
   1977.5000000000000        2.8905200000000000        23.973453946596848     
   1980.0000000000000        1.6181800000000000        22.764395302480580     
   1982.5000000000000        1.8243400000000001        23.555821012318802     
   1985.0000000000000        2.1200600000000001        23.649107078204878     
   1987.5000000000000        1.4021800000000000        24.182919824694451     
   1990.0000000000000       -1.5879200000000000        22.451632236289637     
   1992.5000000000000        3.8881600000000001        22.369972101332628     
   1995.0000000000000        1.8282000000000000        21.513711087583193     
   1997.5000000000000       -1.3318600000000000        22.861155459433803     
   2000.0000000000000        1.2175000000000000        23.272573853143104     
   2002.5000000000000       0.51936000000000004        23.764543866659846     
   2005.0000000000000        1.2375200000000000        22.906093168622185     
   2007.5000000000000        1.9316400000000000        24.440567237901824     
   2010.0000000000000        4.5731200000000003        24.098202701977588     
   2012.5000000000000       0.22647999999999999        24.538656581190423     
   2015.0000000000000        5.2626799999999996        23.471638187770363     
   2017.5000000000000       0.22131999999999999        23.702146262682625     
   2020.0000000000000      -0.52134000000000003        22.120043503673315     
   2022.5000000000000      -0.89356000000000002        22.608889192669331     
   2025.0000000000000        4.8680399999999997        23.884539488095641     
   2027.5000000000000        5.6536200000000001        21.803435988293224     
   2030.0000000000000        2.9569999999999999        23.418961356131916     
   2032.5000000000000        2.8818999999999999        24.577628290581661     
   2035.0000000000000       -1.5985400000000001        22.896348832693828     
   2037.5000000000000        1.3423200000000000        23.436395990373605     
   2040.0000000000000        1.2699800000000001        24.050207292237626     
   2042.5000000000000        2.3414400000000000        21.503448531024041     
   2045.0000000000000      -0.68444000000000005        23.292306495630697     
   2047.5000000000000        1.2438000000000000        23.943353181206678     
   2050.0000000000000        4.9178400000000000        23.179359131227077     
   2052.5000000000000       0.52263999999999999        24.339923735098267     
   2055.0000000000000        1.9188200000000000        24.669216643574234     
   2057.5000000000000       -1.5543000000000000        23.960533205878370     
   2060.0000000000000        1.0458200000000000        23.963727183549725     
   2062.5000000000000       0.99938000000000005        22.196237510343956     
   2065.0000000000000        2.5978200000000000        23.132927424941272     
   2067.5000000000000       0.48537999999999998        22.501912057769669     
   2070.0000000000000        1.1932400000000001        23.788681726871708     
   2072.5000000000000        1.1874600000000000        23.980651758207074     
   2075.0000000000000       0.57145999999999997        23.254230442403379     
   2077.5000000000000        2.1135799999999998        27.562595298403959     
   2080.0000000000000        1.1609799999999999        22.772706590117917     
   2082.5000000000000        1.3060400000000001        22.232258084108327     
   2085.0000000000000        1.2869200000000001        22.747722455525079     
   2087.5000000000000        2.7416999999999998        23.826415616076208     
   2090.0000000000000       -1.4620000000000000        24.212651155955641     
   2092.5000000000000       0.54261999999999999        23.151789640017032     
   2095.0000000000000       -3.4506000000000001        23.865717664465905     
   2097.5000000000000        1.8826000000000001        23.847939475770229     
   2100.0000000000000        3.7245599999999999        24.424539561809553     
   2102.5000000000000        2.9858600000000002        21.829846542300750     
   2105.0000000000000        3.7668599999999999        23.923240703140536     
   2107.5000000000000        5.2789000000000001        25.167920350914972     
   2110.0000000000000       -1.1511800000000001        22.250519648035191     
   2112.5000000000000        3.3794599999999999        24.795411069558817     
   2115.0000000000000      -0.23447999999999999        23.236746311168439     
   2117.5000000000000        2.1701400000000000        24.369201307806541     
   2120.0000000000000       0.80732000000000004        23.687282546075224     
   2122.5000000000000        1.0320800000000001        24.300772227927244     
   2125.0000000000000       0.90447999999999995        23.533217288114262     
   2127.5000000000000        3.4008799999999999        25.669244149869314     
   2130.0000000000000       -1.1083000000000001        24.458324372491258     
   2132.5000000000000        5.1539200000000003        23.168139947643617     
   2135.0000000000000        1.2917400000000001        23.999686826548380     
   2137.5000000000000       -1.6531400000000001        22.123243165060586     
   2140.0000000000000        2.1396999999999999        26.336261767950287     
   2142.5000000000000        1.9166200000000000        22.813672386873620     
   2145.0000000000000        1.6888600000000000        24.751191322851511     
   2147.5000000000000      -0.59448000000000001        24.471536803592862     
   2150.0000000000000       0.24215999999999999        24.398581895970921     
   2152.5000000000000        1.2982600000000000        23.236998105874175     
   2155.0000000000000        2.4843000000000002        22.879616550764130     
   2157.5000000000000      -0.37802000000000002        25.272323614570940     
   2160.0000000000000        3.2376399999999999        25.317538727735759     
   2162.5000000000000        2.8843999999999999        23.341024755567179     
   2165.0000000000000      -0.17130000000000001        23.132802171591752     
   2167.5000000000000        1.2316199999999999        21.968042975549736     
   2170.0000000000000        2.1198800000000002        22.974267970614427     
   2172.5000000000000        3.7807599999999999        22.458573726361166     
   2175.0000000000000        2.7024800000000000        24.113955333988660     
   2177.5000000000000        3.0424199999999999        25.797327779124721     
   2180.0000000000000        3.9497599999999999        23.378813398938792     
   2182.5000000000000       -1.1541200000000000        24.122908759633443     
   2185.0000000000000        1.5110800000000000        24.747098359880496     
   2187.5000000000000        1.5640799999999999        24.821549785490834     
   2190.0000000000000        4.6043799999999999        24.315839381267512     
   2192.5000000000000       0.70899999999999996        24.761721244695408     
   2195.0000000000000        1.1167400000000001        22.052264549755428     
   2197.5000000000000      -0.66964000000000001        23.909743249779993     
   2200.0000000000000        4.1971999999999996        23.384351865296587     
   2202.5000000000000        6.4802200000000001        24.238841324444532     
   2205.0000000000000       -1.1010599999999999        24.013130301491305     
   2207.5000000000000        1.6009000000000000        24.260012349337334     
   2210.0000000000000        5.2425199999999998        22.667216504229184     
   2212.5000000000000        3.1549600000000000        26.432782437692783     
   2215.0000000000000        1.9966200000000001        24.244752598770727     
   2217.5000000000000        2.1464799999999999        24.781573469204897     
   2220.0000000000000       0.13202000000000000        25.760945066507169     
   2222.5000000000000        1.5442199999999999        24.939160863822181     
   2225.0000000000000        1.8687600000000000        25.284121026098575     
   2227.5000000000000      -0.61538000000000004        23.628621361721464     
   2230.0000000000000        1.3376399999999999        23.954159539219905     
   2232.5000000000000       -1.0990200000000001        22.341682010081517     
   2235.0000000000000       0.66742000000000001        24.076060112559947     
   2237.5000000000000        3.7949799999999998        22.133787899941574     
   2240.0000000000000        2.9180600000000001        24.966528109378764     
   2242.5000000000000        1.8021400000000001        25.406501754873691     
   2245.0000000000000       0.56808000000000003        25.323233701753022     
   2247.5000000000000        1.2901400000000001        25.471348193222909     
   2250.0000000000000      -0.25668000000000002        23.134916368502395     
   2252.5000000000000        4.3014599999999996        22.281469472824273     
   2255.0000000000000        6.4119999999999996E-002   23.345068186355761     
   2257.5000000000000       0.25822000000000001        23.587199970144823     
   2260.0000000000000       -2.3959999999999999        24.411288863966195     
   2262.5000000000000        2.2105999999999999        26.183902834375171     
   2265.0000000000000       0.38606000000000001        24.520097016047874     
   2267.5000000000000        2.7085400000000002        24.112831668395980     
   2270.0000000000000      -0.36746000000000001        23.397530919915461     
   2272.5000000000000        3.2000799999999998        23.932360685766039     
   2275.0000000000000        5.0399599999999998        26.472077425060544     
   2277.5000000000000       0.26591999999999999        24.534746107380041     
   2280.0000000000000        2.0371600000000001        24.631006052015010     
   2282.5000000000000        1.1960200000000001        24.524716841578417     
   2285.0000000000000        3.7284000000000002        23.473198193684645     
   2287.5000000000000       -3.5563600000000002        24.343169546104715     
   2290.0000000000000        2.4241000000000001        23.955181885971978     
   2292.5000000000000        2.1649600000000002        23.394741037216036     
   2295.0000000000000        2.9474399999999998        22.874849889046267     
   2297.5000000000000      -0.99434000000000000        24.188527197090774     
   2300.0000000000000        2.3092999999999999        23.167062254632114     
   2302.5000000000000        3.2899799999999999        23.344335321435050     
   2305.0000000000000        5.3473600000000001        25.093409115351388     
   2307.5000000000000        2.9329800000000001        24.018958934966353     
   2310.0000000000000        4.1306399999999996        25.613895705073837     
   2312.5000000000000        3.1747000000000001        24.875548635356768     
   2315.0000000000000        2.3475400000000000        24.954421971834972     
   2317.5000000000000        6.5879999999999994E-002   23.786948938979123     
   2320.0000000000000       0.69987999999999995        26.940199108128358     
   2322.5000000000000       -3.6888999999999998        23.665765501880557     
   2325.0000000000000       0.45138000000000000        22.674464405925885     
   2327.5000000000000        3.0338400000000001        22.477999351686083     
   2330.0000000000000        1.7805200000000001        22.757303630474325     
   2332.5000000000000        5.9377199999999997        23.933077553912703     
   2335.0000000000000        2.0946400000000001        25.307101044378829     
   2337.5000000000000       -9.1960000000000000E-002   23.090841980283006     
   2340.0000000000000       -1.7944800000000001        23.163143170338522     
   2342.5000000000000        4.8396200000000000        24.016052095538100     
   2345.0000000000000       0.69325999999999999        24.345992495119191     
   2347.5000000000000        2.5169800000000002        23.812760690008204     
   2350.0000000000000       0.94377999999999995        22.957425798891304     
   2352.5000000000000       -2.2387400000000000        24.945511885154815     
   2355.0000000000000       0.42462000000000000        24.765273627715079     
   2357.5000000000000        4.5716599999999996        25.130302919869468     
   2360.0000000000000        2.7263199999999999        24.680038477636131     
   2362.5000000000000        5.3626800000000001        23.799081982664795     
   2365.0000000000000       0.31696000000000002        24.242341808463969     
   2367.5000000000000        1.8251999999999999        23.298743420193286     
   2370.0000000000000       -2.7768000000000002        23.769343738521684     
   2372.5000000000000       -2.1970000000000001        23.752230863647313     
   2375.0000000000000       -1.6862800000000000        22.996244470817402     
   2377.5000000000000        1.0814600000000001        24.965755832107309     
   2380.0000000000000      -0.48204000000000002        24.702944711884047     
   2382.5000000000000        1.3582799999999999        26.458624972617155     
   2385.0000000000000       -3.1873399999999998        24.105802283359083     
   2387.5000000000000        2.2326999999999999        23.865668453031017     
   2390.0000000000000        1.2385999999999999        25.734853215823865     
   2392.5000000000000        5.5391199999999996        23.070711944489272     
   2395.0000000000000        3.2250999999999999        24.615246697727812     
   2397.5000000000000        1.6098200000000000        23.961349702543888     
   2400.0000000000000        2.2375799999999999        24.416841641449047     
   2402.5000000000000        1.5975999999999999        23.539260698671061     
   2405.0000000000000       0.70245999999999997        24.825787196953090     
   2407.5000000000000       0.17706000000000000        23.635856865288385     
   2410.0000000000000       -1.6140399999999999        26.247879816823300     
   2412.5000000000000        6.4452199999999999        24.774891708170998     
   2415.0000000000000      -0.19467999999999999        25.138453804830561     
   2417.5000000000000      -0.72704000000000002        24.898431533701075     
   2420.0000000000000       -4.4047999999999998        24.071343480578729     
   2422.5000000000000        2.6627999999999998        25.791959525402486     
   2425.0000000000000       0.93001999999999996        23.641906496718914     
   2427.5000000000000      -0.46028000000000002        25.567816925220662     
   2430.0000000000000        1.8507199999999999        25.101348877731649     
   2432.5000000000000        1.4082800000000000        24.306722268574180     
   2435.0000000000000      -0.53376000000000001        24.572276660138758     
   2437.5000000000000        1.3121200000000000        23.845293479124972     
   2440.0000000000000        4.2419599999999997        23.890721532812691     
   2442.5000000000000        1.8393999999999999        24.109078116759253     
   2445.0000000000000       -1.0476799999999999        24.263100515342220     
   2447.5000000000000       0.90469999999999995        25.983480096207280     
   2450.0000000000000        1.7420199999999999        24.938648847112788     
   2452.5000000000000       0.25406000000000001        24.919299619299093     
   2455.0000000000000        1.1730400000000001        24.672893165545059     
   2457.5000000000000        4.9127999999999998        25.946696054796647     
   2460.0000000000000      -0.28527999999999998        24.900054122864873     
   2462.5000000000000        1.1860999999999999        25.956132354224120     
   2465.0000000000000        2.2983799999999999        22.972299174780048     
   2467.5000000000000        3.1332399999999998        24.456732551639028     
   2470.0000000000000        1.6863999999999999        24.351966964497961     
   2472.5000000000000        2.7082400000000000        24.425810858647047     
   2475.0000000000000        3.1872199999999999        25.158913900874179     
   2477.5000000000000      -0.30324000000000001        24.280618721572974     
   2480.0000000000000       0.23691999999999999        26.515042314007346     
   2482.5000000000000        2.2504400000000002        26.145857029487480     
   2485.0000000000000        2.2151200000000002        22.816619455686240     
   2487.5000000000000        1.1811199999999999        25.213390005027090     
   2490.0000000000000        4.7614200000000002        25.806364323236235     
   2492.5000000000000        4.3520000000000003E-002   25.326476778454598     
   2495.0000000000000       -3.2471999999999999        23.830691390725530     
   2497.5000000000000        3.7617600000000002        24.292847542072955     
   2500.0000000000000       0.69938000000000000        25.905686395376595     
