           1                       NaN           1  -1.9600000000000000E-010  -1.6350257607929850E-314
           1                       NaN           2  -1.9200000000000001E-010  -3.9762233712786998E-315
           1                       NaN           3  -1.8800000000000000E-010   1.0222792079584349E-314
           1                       NaN           4  -1.8400000000000001E-010   1.9729816717686526E-314
           1                       NaN           5  -1.8000000000000000E-010   2.0181378044235744E-314
           1                       NaN           6  -1.7600000000000001E-010   1.1370221360657533E-314
           1                       NaN           7  -1.7200000000000000E-010  -2.6595657815265880E-315
           1                       NaN           8  -1.6800000000000001E-010  -1.5468682669487427E-314
           1                       NaN           9  -1.6400000000000000E-010  -2.1178083909430346E-314
           1                       NaN          10  -1.6000000000000002E-010  -1.7167305547356258E-314
           1                       NaN          11  -1.5600000000000000E-010  -5.2771886258512345E-315
           1                       NaN          12  -1.5199999999999999E-010   9.0350181093262979E-315
           1                       NaN          13  -1.4800000000000001E-010   1.9200390823216360E-314
           1                       NaN          14  -1.4400000000000002E-010   2.0553292688316839E-314
           1                       NaN          15  -1.4000000000000001E-010   1.2472777569165611E-314
           1                       NaN          16  -1.3600000000000000E-010  -1.3324121030932181E-315
           1                       NaN          17  -1.3200000000000001E-010  -1.4526059907722408E-314
           1                       NaN          18  -1.2800000000000002E-010  -2.1052630948383282E-314
           1                       NaN          19  -1.2400000000000001E-010  -1.7916601973269724E-314
           1                       NaN          20  -1.2000000000000000E-010  -6.5573272249339226E-315
           1                       NaN          21  -1.1600000000000001E-010   7.8115870459179936E-315
           1                       NaN          22  -1.1200000000000001E-010   1.8595189759500853E-314
           1                       NaN          23  -1.0800000000000001E-010   2.0844092874768489E-314
           1                       NaN          24  -1.0400000000000000E-010   1.3526109424499751E-314
           1                       NaN          25  -1.0000000000000000E-010   0.0000000000000000     
           1                       NaN          26  -9.6000000000000005E-011  -1.3526109424499751E-314
           1                       NaN          27  -9.2000000000000005E-011  -2.0844092874768489E-314
           1                       NaN          28  -8.8000000000000006E-011  -1.8595189759500853E-314
           1                       NaN          29  -8.4000000000000007E-011  -7.8115870459179936E-315
           1                       NaN          30  -8.0000000000000008E-011   6.5573272249339226E-315
           1                       NaN          31  -7.6000000000000022E-011   1.7916601973269724E-314
           1                       NaN          32  -7.2000000000000010E-011   2.1052630948383282E-314
           1                       NaN          33  -6.7999999999999998E-011   1.4526059907722408E-314
           1                       NaN          34  -6.4000000000000012E-011   1.3324121030932181E-315
           1                       NaN          35  -6.0000000000000000E-011  -1.2472777569165611E-314
           1                       NaN          36  -5.6000000000000013E-011  -2.0553292688316839E-314
           1                       NaN          37  -5.2000000000000001E-011  -1.9200390823216360E-314
           1                       NaN          38  -4.8000000000000015E-011  -9.0350181093262979E-315
           1                       NaN          39  -4.4000000000000003E-011   5.2771886258512345E-315
           1                       NaN          40  -4.0000000000000017E-011   1.7167305547356258E-314
           1                       NaN          41  -3.6000000000000005E-011   2.1178083909430346E-314
           1                       NaN          42  -3.2000000000000019E-011   1.5468682669487427E-314
           1                       NaN          43  -2.8000000000000007E-011   2.6595657815265880E-315
           1                       NaN          44  -2.4000000000000021E-011  -1.1370221360657533E-314
           1                       NaN          45  -2.0000000000000008E-011  -2.0181378044235744E-314
           1                       NaN          46  -1.6000000000000022E-011  -1.9729816717686526E-314
           1                       NaN          47  -1.2000000000000010E-011  -1.0222792079584349E-314
           1                       NaN          48  -7.9999999999999982E-012   3.9762233712786998E-315
           1                       NaN          49  -4.0000000000000120E-012   1.6350257607929850E-314
           1                       NaN          50   0.0000000000000000        2.1219956644844670E-314
           1                       NaN          51   3.9999999999999862E-012   1.6350257607929850E-314
           1                       NaN          52   7.9999999999999982E-012   3.9762233712786998E-315
           1                       NaN          53   1.1999999999999984E-011  -1.0222792079584349E-314
           1                       NaN          54   1.5999999999999996E-011  -1.9729816717686526E-314
           1                       NaN          55   1.9999999999999983E-011  -2.0181378044235744E-314
           1                       NaN          56   2.3999999999999995E-011  -1.1370221360657533E-314
           1                       NaN          57   2.7999999999999981E-011   2.6595657815265880E-315
           1                       NaN          58   3.1999999999999993E-011   1.5468682669487427E-314
           1                       NaN          59   3.6000000000000005E-011   2.1178083909430346E-314
           1                       NaN          60   3.9999999999999991E-011   1.7167305547356258E-314
           1                       NaN          61   4.3999999999999977E-011   5.2771886258512345E-315
           1                       NaN          62   4.7999999999999963E-011  -9.0350181093262979E-315
           1                       NaN          63   5.2000000000000001E-011  -1.9200390823216360E-314
           1                       NaN          64   5.5999999999999988E-011  -2.0553292688316839E-314
           1                       NaN          65   5.9999999999999974E-011  -1.2472777569165611E-314
           1                       NaN          66   6.4000000000000012E-011   1.3324121030932181E-315
           1                       NaN          67   6.7999999999999998E-011   1.4526059907722408E-314
           1                       NaN          68   7.1999999999999984E-011   2.1052630948383282E-314
           1                       NaN          69   7.5999999999999970E-011   1.7916601973269724E-314
           1                       NaN          70   8.0000000000000008E-011   6.5573272249339226E-315
           1                       NaN          71   8.3999999999999994E-011  -7.8115870459179936E-315
           1                       NaN          72   8.7999999999999980E-011  -1.8595189759500853E-314
           1                       NaN          73   9.1999999999999967E-011  -2.0844092874768489E-314
           1                       NaN          74   9.6000000000000005E-011  -1.3526109424499751E-314
           1                       NaN          75   9.9999999999999991E-011   0.0000000000000000     
           1                       NaN          76   1.0399999999999998E-010   1.3526109424499751E-314
           1                       NaN          77   1.0799999999999996E-010   2.0844092874768489E-314
           1                       NaN          78   1.1200000000000000E-010   1.8595189759500853E-314
           1                       NaN          79   1.1599999999999999E-010   7.8115870459179936E-315
           1                       NaN          80   1.1999999999999997E-010  -6.5573272249339226E-315
           1                       NaN          81   1.2400000000000001E-010  -1.7916601973269724E-314
           1                       NaN          82   1.2800000000000000E-010  -2.1052630948383282E-314
           1                       NaN          83   1.3199999999999998E-010  -1.4526059907722408E-314
           1                       NaN          84   1.3599999999999997E-010  -1.3324121030932181E-315
           1                       NaN          85   1.4000000000000001E-010   1.2472777569165611E-314
           1                       NaN          86   1.4399999999999999E-010   2.0553292688316839E-314
           1                       NaN          87   1.4799999999999998E-010   1.9200390823216360E-314
           1                       NaN          88   1.5199999999999997E-010   9.0350181093262979E-315
           1                       NaN          89   1.5600000000000000E-010  -5.2771886258512345E-315
           1                       NaN          90   1.5999999999999999E-010  -1.7167305547356258E-314
           1                       NaN          91   1.6399999999999998E-010  -2.1178083909430346E-314
           1                       NaN          92   1.6799999999999996E-010  -1.5468682669487427E-314
           1                       NaN          93   1.7200000000000000E-010  -2.6595657815265880E-315
           1                       NaN          94   1.7599999999999999E-010   1.1370221360657533E-314
           1                       NaN          95   1.7999999999999997E-010   2.0181378044235744E-314
           1                       NaN          96   1.8400000000000001E-010   1.9729816717686526E-314
           1                       NaN          97   1.8800000000000000E-010   1.0222792079584349E-314
           1                       NaN          98   1.9199999999999998E-010  -3.9762233712786998E-315
           1                       NaN          99   1.9599999999999997E-010  -1.6350257607929850E-314
           1                       NaN         100   2.0000000000000001E-010  -2.1219956644844670E-314
           2                       NaN           1  -1.9600000000000000E-010                       NaN
           2                       NaN           2  -1.9200000000000001E-010                       NaN
           2                       NaN           3  -1.8800000000000000E-010                       NaN
           2                       NaN           4  -1.8400000000000001E-010                       NaN
           2                       NaN           5  -1.8000000000000000E-010                       NaN
           2                       NaN           6  -1.7600000000000001E-010                       NaN
           2                       NaN           7  -1.7200000000000000E-010                       NaN
           2                       NaN           8  -1.6800000000000001E-010                       NaN
           2                       NaN           9  -1.6400000000000000E-010                       NaN
           2                       NaN          10  -1.6000000000000002E-010                       NaN
           2                       NaN          11  -1.5600000000000000E-010                       NaN
           2                       NaN          12  -1.5199999999999999E-010                       NaN
           2                       NaN          13  -1.4800000000000001E-010                       NaN
           2                       NaN          14  -1.4400000000000002E-010                       NaN
           2                       NaN          15  -1.4000000000000001E-010                       NaN
           2                       NaN          16  -1.3600000000000000E-010                       NaN
           2                       NaN          17  -1.3200000000000001E-010                       NaN
           2                       NaN          18  -1.2800000000000002E-010                       NaN
           2                       NaN          19  -1.2400000000000001E-010                       NaN
           2                       NaN          20  -1.2000000000000000E-010                       NaN
           2                       NaN          21  -1.1600000000000001E-010                       NaN
           2                       NaN          22  -1.1200000000000001E-010                       NaN
           2                       NaN          23  -1.0800000000000001E-010                       NaN
           2                       NaN          24  -1.0400000000000000E-010                       NaN
           2                       NaN          25  -1.0000000000000000E-010                       NaN
           2                       NaN          26  -9.6000000000000005E-011                       NaN
           2                       NaN          27  -9.2000000000000005E-011                       NaN
           2                       NaN          28  -8.8000000000000006E-011                       NaN
           2                       NaN          29  -8.4000000000000007E-011                       NaN
           2                       NaN          30  -8.0000000000000008E-011                       NaN
           2                       NaN          31  -7.6000000000000022E-011                       NaN
           2                       NaN          32  -7.2000000000000010E-011                       NaN
           2                       NaN          33  -6.7999999999999998E-011                       NaN
           2                       NaN          34  -6.4000000000000012E-011                       NaN
           2                       NaN          35  -6.0000000000000000E-011                       NaN
           2                       NaN          36  -5.6000000000000013E-011                       NaN
           2                       NaN          37  -5.2000000000000001E-011                       NaN
           2                       NaN          38  -4.8000000000000015E-011                       NaN
           2                       NaN          39  -4.4000000000000003E-011                       NaN
           2                       NaN          40  -4.0000000000000017E-011                       NaN
           2                       NaN          41  -3.6000000000000005E-011                       NaN
           2                       NaN          42  -3.2000000000000019E-011                       NaN
           2                       NaN          43  -2.8000000000000007E-011                       NaN
           2                       NaN          44  -2.4000000000000021E-011                       NaN
           2                       NaN          45  -2.0000000000000008E-011                       NaN
           2                       NaN          46  -1.6000000000000022E-011                       NaN
           2                       NaN          47  -1.2000000000000010E-011                       NaN
           2                       NaN          48  -7.9999999999999982E-012                       NaN
           2                       NaN          49  -4.0000000000000120E-012                       NaN
           2                       NaN          50   0.0000000000000000                            NaN
           2                       NaN          51   3.9999999999999862E-012                       NaN
           2                       NaN          52   7.9999999999999982E-012                       NaN
           2                       NaN          53   1.1999999999999984E-011                       NaN
           2                       NaN          54   1.5999999999999996E-011                       NaN
           2                       NaN          55   1.9999999999999983E-011                       NaN
           2                       NaN          56   2.3999999999999995E-011                       NaN
           2                       NaN          57   2.7999999999999981E-011                       NaN
           2                       NaN          58   3.1999999999999993E-011                       NaN
           2                       NaN          59   3.6000000000000005E-011                       NaN
           2                       NaN          60   3.9999999999999991E-011                       NaN
           2                       NaN          61   4.3999999999999977E-011                       NaN
           2                       NaN          62   4.7999999999999963E-011                       NaN
           2                       NaN          63   5.2000000000000001E-011                       NaN
           2                       NaN          64   5.5999999999999988E-011                       NaN
           2                       NaN          65   5.9999999999999974E-011                       NaN
           2                       NaN          66   6.4000000000000012E-011                       NaN
           2                       NaN          67   6.7999999999999998E-011                       NaN
           2                       NaN          68   7.1999999999999984E-011                       NaN
           2                       NaN          69   7.5999999999999970E-011                       NaN
           2                       NaN          70   8.0000000000000008E-011                       NaN
           2                       NaN          71   8.3999999999999994E-011                       NaN
           2                       NaN          72   8.7999999999999980E-011                       NaN
           2                       NaN          73   9.1999999999999967E-011                       NaN
           2                       NaN          74   9.6000000000000005E-011                       NaN
           2                       NaN          75   9.9999999999999991E-011                       NaN
           2                       NaN          76   1.0399999999999998E-010                       NaN
           2                       NaN          77   1.0799999999999996E-010                       NaN
           2                       NaN          78   1.1200000000000000E-010                       NaN
           2                       NaN          79   1.1599999999999999E-010                       NaN
           2                       NaN          80   1.1999999999999997E-010                       NaN
           2                       NaN          81   1.2400000000000001E-010                       NaN
           2                       NaN          82   1.2800000000000000E-010                       NaN
           2                       NaN          83   1.3199999999999998E-010                       NaN
           2                       NaN          84   1.3599999999999997E-010                       NaN
           2                       NaN          85   1.4000000000000001E-010                       NaN
           2                       NaN          86   1.4399999999999999E-010                       NaN
           2                       NaN          87   1.4799999999999998E-010                       NaN
           2                       NaN          88   1.5199999999999997E-010                       NaN
           2                       NaN          89   1.5600000000000000E-010                       NaN
           2                       NaN          90   1.5999999999999999E-010                       NaN
           2                       NaN          91   1.6399999999999998E-010                       NaN
           2                       NaN          92   1.6799999999999996E-010                       NaN
           2                       NaN          93   1.7200000000000000E-010                       NaN
           2                       NaN          94   1.7599999999999999E-010                       NaN
           2                       NaN          95   1.7999999999999997E-010                       NaN
           2                       NaN          96   1.8400000000000001E-010                       NaN
           2                       NaN          97   1.8800000000000000E-010                       NaN
           2                       NaN          98   1.9199999999999998E-010                       NaN
           2                       NaN          99   1.9599999999999997E-010                       NaN
           2                       NaN         100   2.0000000000000001E-010                       NaN
           3                       NaN           1  -1.9600000000000000E-010                       NaN
           3                       NaN           2  -1.9200000000000001E-010                       NaN
           3                       NaN           3  -1.8800000000000000E-010                       NaN
           3                       NaN           4  -1.8400000000000001E-010                       NaN
           3                       NaN           5  -1.8000000000000000E-010                       NaN
           3                       NaN           6  -1.7600000000000001E-010                       NaN
           3                       NaN           7  -1.7200000000000000E-010                       NaN
           3                       NaN           8  -1.6800000000000001E-010                       NaN
           3                       NaN           9  -1.6400000000000000E-010                       NaN
           3                       NaN          10  -1.6000000000000002E-010                       NaN
           3                       NaN          11  -1.5600000000000000E-010                       NaN
           3                       NaN          12  -1.5199999999999999E-010                       NaN
           3                       NaN          13  -1.4800000000000001E-010                       NaN
           3                       NaN          14  -1.4400000000000002E-010                       NaN
           3                       NaN          15  -1.4000000000000001E-010                       NaN
           3                       NaN          16  -1.3600000000000000E-010                       NaN
           3                       NaN          17  -1.3200000000000001E-010                       NaN
           3                       NaN          18  -1.2800000000000002E-010                       NaN
           3                       NaN          19  -1.2400000000000001E-010                       NaN
           3                       NaN          20  -1.2000000000000000E-010                       NaN
           3                       NaN          21  -1.1600000000000001E-010                       NaN
           3                       NaN          22  -1.1200000000000001E-010                       NaN
           3                       NaN          23  -1.0800000000000001E-010                       NaN
           3                       NaN          24  -1.0400000000000000E-010                       NaN
           3                       NaN          25  -1.0000000000000000E-010                       NaN
           3                       NaN          26  -9.6000000000000005E-011                       NaN
           3                       NaN          27  -9.2000000000000005E-011                       NaN
           3                       NaN          28  -8.8000000000000006E-011                       NaN
           3                       NaN          29  -8.4000000000000007E-011                       NaN
           3                       NaN          30  -8.0000000000000008E-011                       NaN
           3                       NaN          31  -7.6000000000000022E-011                       NaN
           3                       NaN          32  -7.2000000000000010E-011                       NaN
           3                       NaN          33  -6.7999999999999998E-011                       NaN
           3                       NaN          34  -6.4000000000000012E-011                       NaN
           3                       NaN          35  -6.0000000000000000E-011                       NaN
           3                       NaN          36  -5.6000000000000013E-011                       NaN
           3                       NaN          37  -5.2000000000000001E-011                       NaN
           3                       NaN          38  -4.8000000000000015E-011                       NaN
           3                       NaN          39  -4.4000000000000003E-011                       NaN
           3                       NaN          40  -4.0000000000000017E-011                       NaN
           3                       NaN          41  -3.6000000000000005E-011                       NaN
           3                       NaN          42  -3.2000000000000019E-011                       NaN
           3                       NaN          43  -2.8000000000000007E-011                       NaN
           3                       NaN          44  -2.4000000000000021E-011                       NaN
           3                       NaN          45  -2.0000000000000008E-011                       NaN
           3                       NaN          46  -1.6000000000000022E-011                       NaN
           3                       NaN          47  -1.2000000000000010E-011                       NaN
           3                       NaN          48  -7.9999999999999982E-012                       NaN
           3                       NaN          49  -4.0000000000000120E-012                       NaN
           3                       NaN          50   0.0000000000000000                            NaN
           3                       NaN          51   3.9999999999999862E-012                       NaN
           3                       NaN          52   7.9999999999999982E-012                       NaN
           3                       NaN          53   1.1999999999999984E-011                       NaN
           3                       NaN          54   1.5999999999999996E-011                       NaN
           3                       NaN          55   1.9999999999999983E-011                       NaN
           3                       NaN          56   2.3999999999999995E-011                       NaN
           3                       NaN          57   2.7999999999999981E-011                       NaN
           3                       NaN          58   3.1999999999999993E-011                       NaN
           3                       NaN          59   3.6000000000000005E-011                       NaN
           3                       NaN          60   3.9999999999999991E-011                       NaN
           3                       NaN          61   4.3999999999999977E-011                       NaN
           3                       NaN          62   4.7999999999999963E-011                       NaN
           3                       NaN          63   5.2000000000000001E-011                       NaN
           3                       NaN          64   5.5999999999999988E-011                       NaN
           3                       NaN          65   5.9999999999999974E-011                       NaN
           3                       NaN          66   6.4000000000000012E-011                       NaN
           3                       NaN          67   6.7999999999999998E-011                       NaN
           3                       NaN          68   7.1999999999999984E-011                       NaN
           3                       NaN          69   7.5999999999999970E-011                       NaN
           3                       NaN          70   8.0000000000000008E-011                       NaN
           3                       NaN          71   8.3999999999999994E-011                       NaN
           3                       NaN          72   8.7999999999999980E-011                       NaN
           3                       NaN          73   9.1999999999999967E-011                       NaN
           3                       NaN          74   9.6000000000000005E-011                       NaN
           3                       NaN          75   9.9999999999999991E-011                       NaN
           3                       NaN          76   1.0399999999999998E-010                       NaN
           3                       NaN          77   1.0799999999999996E-010                       NaN
           3                       NaN          78   1.1200000000000000E-010                       NaN
           3                       NaN          79   1.1599999999999999E-010                       NaN
           3                       NaN          80   1.1999999999999997E-010                       NaN
           3                       NaN          81   1.2400000000000001E-010                       NaN
           3                       NaN          82   1.2800000000000000E-010                       NaN
           3                       NaN          83   1.3199999999999998E-010                       NaN
           3                       NaN          84   1.3599999999999997E-010                       NaN
           3                       NaN          85   1.4000000000000001E-010                       NaN
           3                       NaN          86   1.4399999999999999E-010                       NaN
           3                       NaN          87   1.4799999999999998E-010                       NaN
           3                       NaN          88   1.5199999999999997E-010                       NaN
           3                       NaN          89   1.5600000000000000E-010                       NaN
           3                       NaN          90   1.5999999999999999E-010                       NaN
           3                       NaN          91   1.6399999999999998E-010                       NaN
           3                       NaN          92   1.6799999999999996E-010                       NaN
           3                       NaN          93   1.7200000000000000E-010                       NaN
           3                       NaN          94   1.7599999999999999E-010                       NaN
           3                       NaN          95   1.7999999999999997E-010                       NaN
           3                       NaN          96   1.8400000000000001E-010                       NaN
           3                       NaN          97   1.8800000000000000E-010                       NaN
           3                       NaN          98   1.9199999999999998E-010                       NaN
           3                       NaN          99   1.9599999999999997E-010                       NaN
           3                       NaN         100   2.0000000000000001E-010                       NaN
