  -9.7999999999999998E-011  -4.6759682648831320E-019
  -9.6000000000000005E-011  -5.4610236658856917E-019
  -9.3999999999999999E-011  -6.3575066020388476E-019
  -9.2000000000000005E-011  -7.3775105420364678E-019
  -8.9999999999999999E-011  -8.5338128686056631E-019
  -8.8000000000000006E-011  -9.8398085716884118E-019
  -8.6000000000000000E-011  -1.1309422827541337E-018
  -8.4000000000000007E-011  -1.2957000960522506E-018
  -8.2000000000000001E-011  -1.4797174594648086E-018
  -8.0000000000000008E-011  -1.6844703192362338E-018
  -7.8000000000000002E-011  -1.9114290648436736E-018
  -7.5999999999999996E-011  -2.1620377154831656E-018
  -7.4000000000000003E-011  -2.4376907172031341E-018
  -7.2000000000000010E-011  -2.7397075024860015E-018
  -7.0000000000000004E-011  -3.0693050373801441E-018
  -6.7999999999999998E-011  -3.4275686580706965E-018
  -6.6000000000000005E-011  -3.8154215771586986E-018
  -6.4000000000000012E-011  -4.2335935177100187E-018
  -6.2000000000000006E-011  -4.6825890079040365E-018
  -6.0000000000000000E-011  -5.1626559382334786E-018
  -5.8000000000000007E-011  -5.6737550439412428E-018
  -5.6000000000000007E-011  -6.2155310249603857E-018
  -5.4000000000000007E-011  -6.7872860513544890E-018
  -5.2000000000000001E-011  -7.3879564216203134E-018
  -5.0000000000000002E-011  -8.0160931419855371E-018
  -4.8000000000000002E-011  -8.6698471751851932E-018
  -4.6000000000000003E-011  -9.3469600658104351E-018
  -4.4000000000000003E-011  -1.0044760585474238E-017
  -4.2000000000000004E-011  -1.0760167954694594E-017
  -4.0000000000000004E-011  -1.1489702090263286E-017
  -3.8000000000000011E-011  -1.2229501198432826E-017
  -3.6000000000000005E-011  -1.2975346887787565E-017
  -3.3999999999999999E-011  -1.3722696814203178E-017
  -3.2000000000000006E-011  -1.4466724697587468E-017
  -3.0000000000000000E-011  -1.5202367370503119E-017
  -2.8000000000000007E-011  -1.5924378337174962E-017
  -2.6000000000000001E-011  -1.6627387143018159E-017
  -2.4000000000000008E-011  -1.7305963685121288E-017
  -2.2000000000000002E-011  -1.7954686438523586E-017
  -2.0000000000000008E-011  -1.8568213436896676E-017
  -1.8000000000000002E-011  -1.9141354734256277E-017
  -1.6000000000000009E-011  -1.9669144990890885E-017
  -1.4000000000000003E-011  -2.0146914775356353E-017
  -1.2000000000000010E-011  -2.0570359157789683E-017
  -1.0000000000000004E-011  -2.0935602189554863E-017
  -8.0000000000000111E-012  -2.1239255920831301E-017
  -6.0000000000000051E-012  -2.1478472700503267E-017
  -3.9999999999999991E-012  -2.1650989629734910E-017
  -2.0000000000000060E-012  -2.1755164198908558E-017
   0.0000000000000000       -2.1790000323094456E-017
   1.9999999999999931E-012  -2.1755164198908561E-017
   3.9999999999999991E-012  -2.1650989629734910E-017
   5.9999999999999922E-012  -2.1478472700503270E-017
   7.9999999999999982E-012  -2.1239255920831301E-017
   9.9999999999999913E-012  -2.0935602189554866E-017
   1.1999999999999997E-011  -2.0570359157789687E-017
   1.3999999999999990E-011  -2.0146914775356356E-017
   1.5999999999999996E-011  -1.9669144990890888E-017
   1.8000000000000002E-011  -1.9141354734256277E-017
   1.9999999999999996E-011  -1.8568213436896682E-017
   2.1999999999999989E-011  -1.7954686438523586E-017
   2.3999999999999982E-011  -1.7305963685121300E-017
   2.6000000000000001E-011  -1.6627387143018159E-017
   2.7999999999999994E-011  -1.5924378337174965E-017
   2.9999999999999987E-011  -1.5202367370503125E-017
   3.2000000000000006E-011  -1.4466724697587468E-017
   3.3999999999999999E-011  -1.3722696814203178E-017
   3.5999999999999992E-011  -1.2975346887787569E-017
   3.7999999999999985E-011  -1.2229501198432835E-017
   4.0000000000000004E-011  -1.1489702090263286E-017
   4.1999999999999997E-011  -1.0760167954694599E-017
   4.3999999999999990E-011  -1.0044760585474243E-017
   4.5999999999999983E-011  -9.3469600658104413E-018
   4.8000000000000002E-011  -8.6698471751851932E-018
   4.9999999999999995E-011  -8.0160931419855371E-018
   5.1999999999999988E-011  -7.3879564216203165E-018
   5.3999999999999982E-011  -6.7872860513544952E-018
   5.6000000000000000E-011  -6.2155310249603880E-018
   5.7999999999999994E-011  -5.6737550439412451E-018
   5.9999999999999987E-011  -5.1626559382334824E-018
   6.2000000000000006E-011  -4.6825890079040365E-018
   6.3999999999999999E-011  -4.2335935177100217E-018
   6.5999999999999992E-011  -3.8154215771587009E-018
   6.7999999999999985E-011  -3.4275686580706984E-018
   7.0000000000000004E-011  -3.0693050373801441E-018
   7.1999999999999997E-011  -2.7397075024860026E-018
   7.3999999999999990E-011  -2.4376907172031352E-018
   7.5999999999999983E-011  -2.1620377154831671E-018
   7.8000000000000002E-011  -1.9114290648436736E-018
   7.9999999999999995E-011  -1.6844703192362353E-018
   8.1999999999999988E-011  -1.4797174594648096E-018
   8.3999999999999981E-011  -1.2957000960522534E-018
   8.6000000000000000E-011  -1.1309422827541337E-018
   8.7999999999999993E-011  -9.8398085716884157E-019
   8.9999999999999986E-011  -8.5338128686056708E-019
   9.2000000000000005E-011  -7.3775105420364678E-019
   9.3999999999999999E-011  -6.3575066020388476E-019
   9.5999999999999992E-011  -5.4610236658856965E-019
   9.7999999999999985E-011  -4.6759682648831407E-019
   1.0000000000000000E-010  -3.9909777730319916E-019
