   0.0000000000000000       -1.2134376328550749E-018
   1.0000000000000000E-014  -1.2134374258923210E-018
   2.0000000000000000E-014  -1.2134372851254254E-018
   2.9999999999999998E-014  -1.2134372046409963E-018
   4.0000000000000000E-014  -1.2134371752385736E-018
   5.0000000000000002E-014  -1.2134371844779722E-018
   5.9999999999999997E-014  -1.2134372166695282E-018
   7.0000000000000005E-014  -1.2134372528400255E-018
   8.0000000000000000E-014  -1.2134372707134100E-018
   8.9999999999999995E-014  -1.2134372447525336E-018
   1.0000000000000000E-013  -1.2134371463160919E-018
   1.1000000000000000E-013  -1.2134369439917604E-018
   1.1999999999999999E-013  -1.2134366041716272E-018
   1.3000000000000000E-013  -1.2134360919362051E-018
   1.4000000000000001E-013  -1.2134353723062396E-018
   1.4999999999999999E-013  -1.2134344119031695E-018
   1.6000000000000000E-013  -1.2134331810267321E-018
   1.7000000000000001E-013  -1.2134316561099377E-018
   1.7999999999999999E-013  -1.2134298224467622E-018
   1.9000000000000000E-013  -1.2134276770123626E-018
   2.0000000000000001E-013  -1.2134252311163713E-018
   2.0999999999999999E-013  -1.2134225125633191E-018
   2.2000000000000000E-013  -1.2134195669562075E-018
   2.2999999999999998E-013  -1.2134164577910322E-018
   2.3999999999999999E-013  -1.2134132650634039E-018
   2.4999999999999999E-013  -1.2134100822494138E-018
   2.6000000000000000E-013  -1.2134070117190677E-018
   2.7000000000000001E-013  -1.2134041588656784E-018
   2.8000000000000002E-013  -1.2134016254477610E-018
   2.8999999999999998E-013  -1.2133995027978734E-018
   2.9999999999999998E-013  -1.2133978656177902E-018
   3.0999999999999999E-013  -1.2133967670336279E-018
   3.2000000000000000E-013  -1.2133962354319534E-018
   3.3000000000000001E-013  -1.2133962733671876E-018
   3.4000000000000002E-013  -1.2133968585646235E-018
   3.5000000000000002E-013  -1.2133979467900532E-018
   3.5999999999999998E-013  -1.2133994761568385E-018
   3.6999999999999999E-013  -1.2134013723201869E-018
   3.8000000000000000E-013  -1.2134035539747942E-018
   3.9000000000000000E-013  -1.2134059381170712E-018
   4.0000000000000001E-013  -1.2134084446384076E-018
   4.1000000000000002E-013  -1.2134109999549812E-018
   4.1999999999999998E-013  -1.2134135395289546E-018
   4.2999999999999999E-013  -1.2134160092729809E-018
   4.3999999999999999E-013  -1.2134183659415257E-018
   4.5000000000000000E-013  -1.2134205766890607E-018
   4.5999999999999996E-013  -1.2134226180165583E-018
   4.7000000000000002E-013  -1.2134244743354208E-018
   4.7999999999999997E-013  -1.2134261363605363E-018
   4.9000000000000003E-013  -1.2134275995084073E-018
   4.9999999999999999E-013  -1.2134288624329568E-018
   5.1000000000000005E-013  -1.2134299257873043E-018
   5.2000000000000001E-013  -1.2134307912615401E-018
   5.2999999999999996E-013  -1.2134314609159295E-018
   5.4000000000000002E-013  -1.2134319368081358E-018
   5.4999999999999998E-013  -1.2134322208976758E-018
   5.6000000000000004E-013  -1.2134323152003396E-018
   5.6999999999999999E-013  -1.2134322221560401E-018
   5.7999999999999995E-013  -1.2134319451657242E-018
   5.9000000000000001E-013  -1.2134314892467811E-018
   5.9999999999999997E-013  -1.2134308617536481E-018
   6.1000000000000003E-013  -1.2134300731106205E-018
   6.1999999999999998E-013  -1.2134291375044585E-018
   6.3000000000000004E-013  -1.2134280734802515E-018
   6.4000000000000000E-013  -1.2134269043686417E-018
   6.4999999999999996E-013  -1.2134256584447174E-018
   6.6000000000000001E-013  -1.2134243686858283E-018
   6.6999999999999997E-013  -1.2134230719764430E-018
   6.8000000000000003E-013  -1.2134218076302837E-018
   6.8999999999999999E-013  -1.2134206151873913E-018
   7.0000000000000005E-013  -1.2134195316017892E-018
   7.1000000000000000E-013  -1.2134185881364887E-018
   7.1999999999999996E-013  -1.2134178074662856E-018
   7.3000000000000002E-013  -1.2134172015772874E-018
   7.3999999999999998E-013  -1.2134167709858024E-018
   7.5000000000000004E-013  -1.2134165055655911E-018
   7.5999999999999999E-013  -1.2134163869259506E-018
   7.6999999999999995E-013  -1.2134163919244413E-018
   7.8000000000000001E-013  -1.2134164966401856E-018
   7.8999999999999997E-013  -1.2134166800502057E-018
   8.0000000000000002E-013  -1.2134169267542613E-018
   8.0999999999999998E-013  -1.2134172283314143E-018
   8.2000000000000004E-013  -1.2134175832032872E-018
   8.3000000000000000E-013  -1.2134179951443251E-018
   8.3999999999999995E-013  -1.2134184707710289E-018
   8.5000000000000001E-013  -1.2134190164479400E-018
   8.5999999999999997E-013  -1.2134196350819117E-018
   8.7000000000000003E-013  -1.2134203232614926E-018
   8.7999999999999999E-013  -1.2134210691515930E-018
   8.9000000000000004E-013  -1.2134218514839888E-018
   9.0000000000000000E-013  -1.2134226398914740E-018
   9.0999999999999996E-013  -1.2134233967168473E-018
   9.1999999999999992E-013  -1.2134240802851425E-018
   9.3000000000000008E-013  -1.2134246494600257E-018
   9.4000000000000003E-013  -1.2134250691090461E-018
   9.4999999999999999E-013  -1.2134253158827090E-018
   9.5999999999999995E-013  -1.2134253834858555E-018
   9.6999999999999991E-013  -1.2134252864376418E-018
   9.8000000000000007E-013  -1.2134250612655473E-018
   9.9000000000000002E-013  -1.2134247642683480E-018
   9.9999999999999998E-013  -1.2134244654935427E-018
   1.0099999999999999E-012  -1.2134242393894702E-018
   1.0200000000000001E-012  -1.2134241535407580E-018
   1.0300000000000001E-012  -1.2134242576702846E-018
   1.0400000000000000E-012  -1.2134245753471636E-018
   1.0500000000000000E-012  -1.2134251003711124E-018
   1.0599999999999999E-012  -1.2134257986760680E-018
   1.0700000000000001E-012  -1.2134266151673237E-018
   1.0800000000000000E-012  -1.2134274836748291E-018
   1.0900000000000000E-012  -1.2134283375848858E-018
   1.1000000000000000E-012  -1.2134291188475406E-018
   1.1099999999999999E-012  -1.2134297837955528E-018
   1.1200000000000001E-012  -1.2134303052170038E-018
   1.1300000000000000E-012  -1.2134306710492628E-018
   1.1400000000000000E-012  -1.2134308806835899E-018
   1.1499999999999999E-012  -1.2134309401219516E-018
   1.1599999999999999E-012  -1.2134308571737846E-018
   1.1700000000000001E-012  -1.2134306376390558E-018
   1.1800000000000000E-012  -1.2134302831117791E-018
   1.1900000000000000E-012  -1.2134297907365691E-018
   1.1999999999999999E-012  -1.2134291549970425E-018
   1.2100000000000001E-012  -1.2134283714048972E-018
   1.2200000000000001E-012  -1.2134274417580732E-018
   1.2300000000000000E-012  -1.2134263803982814E-018
   1.2400000000000000E-012  -1.2134252205881420E-018
   1.2499999999999999E-012  -1.2134240197653336E-018
   1.2600000000000001E-012  -1.2134228621201269E-018
   1.2700000000000000E-012  -1.2134218568793093E-018
   1.2800000000000000E-012  -1.2134211310874828E-018
   1.2900000000000000E-012  -1.2134208166852335E-018
   1.2999999999999999E-012  -1.2134210331791260E-018
   1.3100000000000001E-012  -1.2134218687678422E-018
   1.3200000000000000E-012  -1.2134233638209864E-018
   1.3300000000000000E-012  -1.2134255005701942E-018
   1.3399999999999999E-012  -1.2134282016070068E-018
   1.3499999999999999E-012  -1.2134313376404721E-018
   1.3600000000000001E-012  -1.2134347426818813E-018
   1.3700000000000000E-012  -1.2134382331707801E-018
   1.3800000000000000E-012  -1.2134416270253237E-018
   1.3899999999999999E-012  -1.2134447592268443E-018
   1.4000000000000001E-012  -1.2134474919757188E-018
   1.4100000000000001E-012  -1.2134497191333247E-018
   1.4200000000000000E-012  -1.2134513660786607E-018
   1.4300000000000000E-012  -1.2134523869254224E-018
   1.4399999999999999E-012  -1.2134527611664728E-018
   1.4500000000000001E-012  -1.2134524913365863E-018
   1.4600000000000000E-012  -1.2134516024354907E-018
   1.4700000000000000E-012  -1.2134501429105528E-018
   1.4800000000000000E-012  -1.2134481862294666E-018
   1.4899999999999999E-012  -1.2134458316890749E-018
   1.5000000000000001E-012  -1.2134432032066417E-018
   1.5100000000000000E-012  -1.2134404453771302E-018
   1.5200000000000000E-012  -1.2134377168432293E-018
   1.5299999999999999E-012  -1.2134351816900738E-018
   1.5399999999999999E-012  -1.2134329998363267E-018
   1.5500000000000001E-012  -1.2134313171243063E-018
   1.5600000000000000E-012  -1.2134302552066583E-018
   1.5700000000000000E-012  -1.2134299008599341E-018
   1.5799999999999999E-012  -1.2134302945489766E-018
   1.5900000000000001E-012  -1.2134314191306787E-018
   1.6000000000000000E-012  -1.2134331911578580E-018
   1.6100000000000000E-012  -1.2134354584624940E-018
   1.6200000000000000E-012  -1.2134380076411170E-018
   1.6299999999999999E-012  -1.2134405833375041E-018
   1.6400000000000001E-012  -1.2134429182517382E-018
   1.6500000000000000E-012  -1.2134447696706657E-018
   1.6600000000000000E-012  -1.2134459561448627E-018
   1.6700000000000000E-012  -1.2134463873847523E-018
   1.6799999999999999E-012  -1.2134460815091745E-018
   1.6900000000000001E-012  -1.2134451660005278E-018
   1.7000000000000000E-012  -1.2134438615340376E-018
   1.7100000000000000E-012  -1.2134424507754717E-018
   1.7199999999999999E-012  -1.2134412368902626E-018
   1.7299999999999999E-012  -1.2134404984894133E-018
   1.7400000000000001E-012  -1.2134404486413651E-018
   1.7500000000000000E-012  -1.2134412050630979E-018
   1.7600000000000000E-012  -1.2134427765607802E-018
   1.7699999999999999E-012  -1.2134450675067286E-018
   1.7800000000000001E-012  -1.2134478983361796E-018
   1.7900000000000000E-012  -1.2134510367436718E-018
   1.8000000000000000E-012  -1.2134542324385481E-018
   1.8100000000000000E-012  -1.2134572485154491E-018
   1.8199999999999999E-012  -1.2134598845257085E-018
   1.8300000000000001E-012  -1.2134619893548814E-018
   1.8399999999999998E-012  -1.2134634648912530E-018
   1.8500000000000000E-012  -1.2134642632845161E-018
   1.8600000000000002E-012  -1.2134643809633045E-018
   1.8699999999999999E-012  -1.2134638517333929E-018
   1.8800000000000001E-012  -1.2134627398683773E-018
   1.8899999999999998E-012  -1.2134611329026408E-018
   1.9000000000000000E-012  -1.2134591334269312E-018
   1.9100000000000001E-012  -1.2134568497430379E-018
   1.9199999999999999E-012  -1.2134543864329153E-018
   1.9300000000000001E-012  -1.2134518370258431E-018
   1.9399999999999998E-012  -1.2134492812209565E-018
   1.9500000000000000E-012  -1.2134467881082762E-018
   1.9600000000000001E-012  -1.2134444247555971E-018
   1.9699999999999999E-012  -1.2134422672367235E-018
   1.9800000000000000E-012  -1.2134404097053891E-018
   1.9899999999999998E-012  -1.2134389671316742E-018
   2.0000000000000000E-012  -1.2134380687856701E-018
   2.0100000000000001E-012  -1.2134378419148310E-018
   2.0199999999999999E-012  -1.2134383876764372E-018
   2.0300000000000000E-012  -1.2134397538453744E-018
   2.0400000000000002E-012  -1.2134419108112912E-018
   2.0499999999999999E-012  -1.2134447383242525E-018
   2.0600000000000001E-012  -1.2134480294554113E-018
   2.0699999999999999E-012  -1.2134515147273247E-018
   2.0800000000000000E-012  -1.2134549038756820E-018
   2.0900000000000002E-012  -1.2134579370307284E-018
   2.0999999999999999E-012  -1.2134604334583697E-018
   2.1100000000000001E-012  -1.2134623257597495E-018
   2.1199999999999999E-012  -1.2134636705633866E-018
   2.1300000000000000E-012  -1.2134646321651688E-018
   2.1400000000000002E-012  -1.2134654418874683E-018
   2.1499999999999999E-012  -1.2134663418588074E-018
   2.1600000000000001E-012  -1.2134675262298202E-018
   2.1699999999999998E-012  -1.2134690942587168E-018
   2.1800000000000000E-012  -1.2134710272449906E-018
   2.1900000000000002E-012  -1.2134731950092309E-018
   2.1999999999999999E-012  -1.2134753890678213E-018
   2.2100000000000001E-012  -1.2134773716052779E-018
   2.2199999999999998E-012  -1.2134789247213226E-018
   2.2300000000000000E-012  -1.2134798850533781E-018
   2.2400000000000001E-012  -1.2134801547478602E-018
   2.2499999999999999E-012  -1.2134796890219410E-018
   2.2600000000000001E-012  -1.2134784700497325E-018
   2.2699999999999998E-012  -1.2134764830382886E-018
   2.2800000000000000E-012  -1.2134737103415761E-018
   2.2900000000000001E-012  -1.2134701525422839E-018
   2.2999999999999999E-012  -1.2134658735439904E-018
   2.3100000000000001E-012  -1.2134610539789564E-018
   2.3199999999999998E-012  -1.2134560285299524E-018
   2.3300000000000000E-012  -1.2134512822283740E-018
   2.3400000000000001E-012  -1.2134473907015784E-018
   2.3499999999999999E-012  -1.2134449088390512E-018
   2.3600000000000000E-012  -1.2134442357826898E-018
   2.3699999999999998E-012  -1.2134455009256961E-018
   2.3800000000000000E-012  -1.2134485145229149E-018
   2.3900000000000001E-012  -1.2134528040239395E-018
   2.3999999999999999E-012  -1.2134577229506765E-018
   2.4100000000000000E-012  -1.2134625913817830E-018
   2.4200000000000002E-012  -1.2134668203468201E-018
   2.4299999999999999E-012  -1.2134699874610832E-018
   2.4400000000000001E-012  -1.2134718564674718E-018
   2.4499999999999999E-012  -1.2134723550597808E-018
   2.4600000000000000E-012  -1.2134715356098780E-018
   2.4700000000000002E-012  -1.2134695420097700E-018
   2.4799999999999999E-012  -1.2134665965445030E-018
   2.4900000000000001E-012  -1.2134630075949025E-018
   2.4999999999999998E-012  -1.2134591855367351E-018
   2.5100000000000000E-012  -1.2134556445747916E-018
   2.5200000000000002E-012  -1.2134529675049217E-018
   2.5299999999999999E-012  -1.2134517221964321E-018
   2.5400000000000001E-012  -1.2134523410620867E-018
   2.5499999999999998E-012  -1.2134549984622321E-018
   2.5600000000000000E-012  -1.2134595323500607E-018
   2.5700000000000002E-012  -1.2134654464490701E-018
   2.5799999999999999E-012  -1.2134720006972209E-018
   2.5900000000000001E-012  -1.2134783647732268E-018
   2.5999999999999998E-012  -1.2134837885788383E-018
   2.6100000000000000E-012  -1.2134877425759706E-018
   2.6200000000000001E-012  -1.2134899961211833E-018
   2.6299999999999999E-012  -1.2134906231161276E-018
   2.6400000000000001E-012  -1.2134899424439235E-018
   2.6499999999999998E-012  -1.2134884122502820E-018
   2.6600000000000000E-012  -1.2134865029609488E-018
   2.6700000000000001E-012  -1.2134845759621387E-018
   2.6799999999999999E-012  -1.2134827941899511E-018
   2.6900000000000000E-012  -1.2134810875728182E-018
   2.6999999999999998E-012  -1.2134791897885612E-018
   2.7100000000000000E-012  -1.2134767514402858E-018
   2.7200000000000001E-012  -1.2134735154034450E-018
   2.7299999999999999E-012  -1.2134695109896954E-018
   2.7400000000000000E-012  -1.2134651915034360E-018
   2.7500000000000002E-012  -1.2134614264417937E-018
   2.7600000000000000E-012  -1.2134592945755675E-018
   2.7700000000000001E-012  -1.2134597165110349E-018
   2.7799999999999999E-012  -1.2134630728386402E-018
   2.7900000000000000E-012  -1.2134689946765500E-018
   2.8000000000000002E-012  -1.2134764359784955E-018
   2.8099999999999999E-012  -1.2134839852700491E-018
   2.8200000000000001E-012  -1.2134902595141017E-018
   2.8299999999999999E-012  -1.2134942192348271E-018
   2.8400000000000000E-012  -1.2134953280858007E-018
   2.8500000000000002E-012  -1.2134935706185107E-018
   2.8599999999999999E-012  -1.2134893812247654E-018
   2.8700000000000001E-012  -1.2134835249964702E-018
   2.8799999999999998E-012  -1.2134769432774939E-018
   2.8900000000000000E-012  -1.2134705668867961E-018
   2.9000000000000002E-012  -1.2134651177603354E-018
   2.9099999999999999E-012  -1.2134609479344067E-018
   2.9200000000000001E-012  -1.2134579747970753E-018
   2.9299999999999998E-012  -1.2134557470121454E-018
   2.9400000000000000E-012  -1.2134536270217412E-018
   2.9500000000000002E-012  -1.2134510321054363E-018
   2.9599999999999999E-012  -1.2134476583852534E-018
   2.9700000000000001E-012  -1.2134436210264941E-018
   2.9799999999999998E-012  -1.2134394666456621E-018
   2.9900000000000000E-012  -1.2134360439323831E-018
   3.0000000000000001E-012  -1.2134342587180659E-018
   3.0099999999999999E-012  -1.2134347870539328E-018
   3.0200000000000001E-012  -1.2134378512399801E-018
   3.0299999999999998E-012  -1.2134431486933207E-018
   3.0400000000000000E-012  -1.2134499571522281E-018
   3.0500000000000001E-012  -1.2134573585336408E-018
   3.0599999999999999E-012  -1.2134644793095497E-018
   3.0700000000000000E-012  -1.2134706600194648E-018
   3.0799999999999998E-012  -1.2134755193404773E-018
   3.0900000000000000E-012  -1.2134789294866168E-018
   3.1000000000000001E-012  -1.2134809444825200E-018
   3.1099999999999999E-012  -1.2134817206834470E-018
   3.1200000000000000E-012  -1.2134814532959020E-018
   3.1300000000000002E-012  -1.2134803366558057E-018
   3.1399999999999999E-012  -1.2134785458323864E-018
   3.1500000000000001E-012  -1.2134762330369516E-018
   3.1599999999999999E-012  -1.2134735321140683E-018
   3.1700000000000000E-012  -1.2134705658427528E-018
   3.1800000000000002E-012  -1.2134674525215550E-018
   3.1899999999999999E-012  -1.2134643098064288E-018
   3.2000000000000001E-012  -1.2134612549227491E-018
   3.2099999999999999E-012  -1.2134584012467617E-018
   3.2200000000000000E-012  -1.2134558519162117E-018
   3.2300000000000002E-012  -1.2134536916118586E-018
   3.2399999999999999E-012  -1.2134519779432205E-018
   3.2500000000000001E-012  -1.2134507339583649E-018
   3.2599999999999998E-012  -1.2134499431749758E-018
   3.2700000000000000E-012  -1.2134495482221937E-018
   3.2800000000000002E-012  -1.2134494537347546E-018
   3.2899999999999999E-012  -1.2134495336194415E-018
   3.3000000000000001E-012  -1.2134496422926258E-018
   3.3099999999999998E-012  -1.2134496290381912E-018
   3.3200000000000000E-012  -1.2134493543050700E-018
   3.3300000000000001E-012  -1.2134487065503950E-018
   3.3399999999999999E-012  -1.2134476180623442E-018
   3.3500000000000001E-012  -1.2134460779532988E-018
   3.3599999999999998E-012  -1.2134441401396181E-018
   3.3700000000000000E-012  -1.2134419237635986E-018
   3.3800000000000001E-012  -1.2134396035961103E-018
   3.3899999999999999E-012  -1.2134373890840014E-018
   3.4000000000000001E-012  -1.2134354932588302E-018
   3.4099999999999998E-012  -1.2134340963514829E-018
   3.4200000000000000E-012  -1.2134333123400837E-018
   3.4300000000000001E-012  -1.2134331679041542E-018
   3.4399999999999999E-012  -1.2134336009736981E-018
   3.4500000000000000E-012  -1.2134344804456145E-018
   3.4599999999999998E-012  -1.2134356417350959E-018
   3.4700000000000000E-012  -1.2134369275764193E-018
   3.4800000000000001E-012  -1.2134382221264302E-018
   3.4899999999999999E-012  -1.2134394693481649E-018
   3.5000000000000000E-012  -1.2134406723927697E-018
   3.5100000000000002E-012  -1.2134418768572996E-018
   3.5199999999999999E-012  -1.2134431452036661E-018
   3.5300000000000001E-012  -1.2134445310930256E-018
   3.5399999999999999E-012  -1.2134460609229911E-018
   3.5500000000000000E-012  -1.2134477264055394E-018
   3.5600000000000002E-012  -1.2134494880389496E-018
   3.5699999999999999E-012  -1.2134512861819951E-018
   3.5800000000000001E-012  -1.2134530549725864E-018
   3.5899999999999998E-012  -1.2134547346311078E-018
   3.6000000000000000E-012  -1.2134562792049135E-018
   3.6100000000000002E-012  -1.2134576587302650E-018
   3.6199999999999999E-012  -1.2134588564148070E-018
   3.6300000000000001E-012  -1.2134598624225310E-018
   3.6399999999999998E-012  -1.2134606661696213E-018
   3.6500000000000000E-012  -1.2134612489185612E-018
   3.6600000000000002E-012  -1.2134615781401629E-018
   3.6700000000000003E-012  -1.2134616047764313E-018
   3.6799999999999997E-012  -1.2134612642477495E-018
   3.6899999999999998E-012  -1.2134604817741383E-018
   3.7000000000000000E-012  -1.2134591822316232E-018
   3.7100000000000001E-012  -1.2134573042364964E-018
   3.7200000000000003E-012  -1.2134548173649868E-018
   3.7299999999999997E-012  -1.2134517403679134E-018
   3.7399999999999998E-012  -1.2134481570561416E-018
   3.7500000000000000E-012  -1.2134442255240967E-018
   3.7600000000000001E-012  -1.2134401760720303E-018
   3.7700000000000003E-012  -1.2134362942341136E-018
   3.7799999999999996E-012  -1.2134328882119343E-018
   3.7899999999999998E-012  -1.2134302446063691E-018
   3.8000000000000000E-012  -1.2134285814173269E-018
   3.8100000000000001E-012  -1.2134280106015015E-018
   3.8200000000000003E-012  -1.2134285217139896E-018
   3.8299999999999996E-012  -1.2134299924311373E-018
   3.8399999999999998E-012  -1.2134322227647636E-018
   3.8500000000000000E-012  -1.2134349814086443E-018
   3.8600000000000001E-012  -1.2134380489072146E-018
   3.8700000000000003E-012  -1.2134412449620137E-018
   3.8799999999999996E-012  -1.2134444347113790E-018
   3.8899999999999998E-012  -1.2134475174958525E-018
   3.8999999999999999E-012  -1.2134504076005279E-018
   3.9100000000000001E-012  -1.2134530176346768E-018
   3.9200000000000003E-012  -1.2134552518874659E-018
   3.9299999999999996E-012  -1.2134570113530161E-018
   3.9399999999999998E-012  -1.2134582068694299E-018
   3.9499999999999999E-012  -1.2134587739717286E-018
   3.9600000000000001E-012  -1.2134586832324813E-018
   3.9700000000000002E-012  -1.2134579423849160E-018
   3.9799999999999996E-012  -1.2134565900482888E-018
   3.9899999999999998E-012  -1.2134546840584185E-018
   3.9999999999999999E-012  -1.2134522893118233E-018
   4.0100000000000001E-012  -1.2134494702299166E-018
   4.0200000000000002E-012  -1.2134462914556730E-018
   4.0300000000000004E-012  -1.2134428275894880E-018
   4.0399999999999997E-012  -1.2134391793450258E-018
   4.0499999999999999E-012  -1.2134354904023377E-018
   4.0600000000000001E-012  -1.2134319575041174E-018
   4.0700000000000002E-012  -1.2134288268759921E-018
   4.0800000000000004E-012  -1.2134263732140569E-018
   4.0899999999999997E-012  -1.2134248627338970E-018
   4.0999999999999999E-012  -1.2134245075490335E-018
   4.1100000000000001E-012  -1.2134254227465397E-018
   4.1200000000000002E-012  -1.2134275980392014E-018
   4.1300000000000004E-012  -1.2134308922249910E-018
   4.1399999999999997E-012  -1.2134350521274811E-018
   4.1499999999999999E-012  -1.2134397507947634E-018
   4.1600000000000000E-012  -1.2134446350807913E-018
   4.1700000000000002E-012  -1.2134493716737403E-018
   4.1800000000000004E-012  -1.2134536828523462E-018
   4.1899999999999997E-012  -1.2134573672676285E-018
   4.1999999999999999E-012  -1.2134603051920802E-018
   4.2100000000000000E-012  -1.2134624508291825E-018
   4.2200000000000002E-012  -1.2134638160682162E-018
   4.2300000000000004E-012  -1.2134644506626252E-018
   4.2399999999999997E-012  -1.2134644235236486E-018
   4.2499999999999999E-012  -1.2134638088912828E-018
   4.2600000000000000E-012  -1.2134626797011737E-018
   4.2700000000000002E-012  -1.2134611086315382E-018
   4.2800000000000003E-012  -1.2134591753139636E-018
   4.2899999999999997E-012  -1.2134569763804513E-018
   4.2999999999999999E-012  -1.2134546338298106E-018
   4.3100000000000000E-012  -1.2134522970410838E-018
   4.3200000000000002E-012  -1.2134501349311706E-018
   4.3300000000000003E-012  -1.2134483172693770E-018
   4.3399999999999997E-012  -1.2134469876033885E-018
   4.3499999999999998E-012  -1.2134462336632923E-018
   4.3600000000000000E-012  -1.2134460631871026E-018
   4.3700000000000002E-012  -1.2134463927423000E-018
   4.3800000000000003E-012  -1.2134470540662325E-018
   4.3899999999999997E-012  -1.2134478176718238E-018
   4.3999999999999998E-012  -1.2134484287560833E-018
   4.4100000000000000E-012  -1.2134486475362946E-018
   4.4200000000000001E-012  -1.2134482858435091E-018
   4.4300000000000003E-012  -1.2134472337753349E-018
   4.4399999999999997E-012  -1.2134454733110092E-018
   4.4499999999999998E-012  -1.2134430787718180E-018
   4.4600000000000000E-012  -1.2134402060483659E-018
   4.4700000000000001E-012  -1.2134370734186619E-018
   4.4800000000000003E-012  -1.2134339368528855E-018
   4.4899999999999996E-012  -1.2134310624617011E-018
   4.4999999999999998E-012  -1.2134286986233313E-018
   4.5100000000000000E-012  -1.2134270504563017E-018
   4.5200000000000001E-012  -1.2134262594989818E-018
   4.5300000000000003E-012  -1.2134263913215322E-018
   4.5399999999999996E-012  -1.2134274329797026E-018
   4.5499999999999998E-012  -1.2134293006438118E-018
   4.5600000000000000E-012  -1.2134318557134830E-018
   4.5700000000000001E-012  -1.2134349258890853E-018
   4.5800000000000003E-012  -1.2134383267073093E-018
   4.5899999999999996E-012  -1.2134418793878587E-018
   4.5999999999999998E-012  -1.2134454224164858E-018
   4.6099999999999999E-012  -1.2134488165366683E-018
   4.6200000000000001E-012  -1.2134519449100247E-018
   4.6300000000000003E-012  -1.2134547113937635E-018
   4.6399999999999996E-012  -1.2134570398196423E-018
   4.6499999999999998E-012  -1.2134588759728259E-018
   4.6599999999999999E-012  -1.2134601921588109E-018
   4.6700000000000001E-012  -1.2134609924583296E-018
   4.6800000000000003E-012  -1.2134613155918649E-018
   4.6899999999999996E-012  -1.2134612321555357E-018
   4.6999999999999998E-012  -1.2134608340332812E-018
   4.7099999999999999E-012  -1.2134602159583925E-018
   4.7200000000000001E-012  -1.2134594520874250E-018
   4.7300000000000002E-012  -1.2134585732948312E-018
   4.7399999999999996E-012  -1.2134575526639653E-018
   4.7499999999999998E-012  -1.2134563063478307E-018
   4.7599999999999999E-012  -1.2134547140925926E-018
   4.7700000000000001E-012  -1.2134526585696476E-018
   4.7800000000000002E-012  -1.2134500763747712E-018
   4.7900000000000004E-012  -1.2134470077885291E-018
   4.7999999999999997E-012  -1.2134436290205252E-018
   4.8099999999999999E-012  -1.2134402515519313E-018
   4.8200000000000001E-012  -1.2134372797891946E-018
   4.8300000000000002E-012  -1.2134351304900698E-018
   4.8400000000000004E-012  -1.2134341323447897E-018
   4.8499999999999997E-012  -1.2134344355403554E-018
   4.8599999999999999E-012  -1.2134359622730034E-018
   4.8700000000000000E-012  -1.2134384171061566E-018
   4.8800000000000002E-012  -1.2134413550749126E-018
   4.8900000000000004E-012  -1.2134442852924257E-018
   4.8999999999999997E-012  -1.2134467777724892E-018
   4.9099999999999999E-012  -1.2134485443588573E-018
   4.9200000000000000E-012  -1.2134494772065376E-018
   4.9300000000000002E-012  -1.2134496431614297E-018
   4.9400000000000004E-012  -1.2134492439218137E-018
   4.9499999999999997E-012  -1.2134485576677101E-018
   4.9599999999999999E-012  -1.2134478782597127E-018
   4.9700000000000000E-012  -1.2134474646843441E-018
   4.9800000000000002E-012  -1.2134475079343175E-018
   4.9900000000000003E-012  -1.2134481166830605E-018
   4.9999999999999997E-012  -1.2134493184690776E-018
   5.0099999999999999E-012  -1.2134510706396627E-018
   5.0200000000000000E-012  -1.2134532751651286E-018
   5.0300000000000002E-012  -1.2134557929758627E-018
   5.0400000000000003E-012  -1.2134584556757454E-018
   5.0499999999999997E-012  -1.2134610744800053E-018
   5.0599999999999998E-012  -1.2134634475805763E-018
   5.0700000000000000E-012  -1.2134653678226495E-018
   5.0800000000000002E-012  -1.2134666327179338E-018
   5.0900000000000003E-012  -1.2134670585098718E-018
   5.0999999999999997E-012  -1.2134664991886522E-018
   5.1099999999999998E-012  -1.2134648698802074E-018
   5.1200000000000000E-012  -1.2134621718380881E-018
   5.1300000000000002E-012  -1.2134585136208298E-018
   5.1400000000000003E-012  -1.2134541207915064E-018
   5.1499999999999997E-012  -1.2134493260665139E-018
   5.1599999999999998E-012  -1.2134445347916067E-018
   5.1700000000000000E-012  -1.2134401674609364E-018
   5.1800000000000001E-012  -1.2134365900673529E-018
   5.1900000000000003E-012  -1.2134340503816342E-018
   5.1999999999999997E-012  -1.2134326392230312E-018
   5.2099999999999998E-012  -1.2134322883724530E-018
   5.2200000000000000E-012  -1.2134328037261098E-018
   5.2300000000000001E-012  -1.2134339200447216E-018
   5.2400000000000003E-012  -1.2134353583391493E-018
   5.2499999999999996E-012  -1.2134368703582101E-018
   5.2599999999999998E-012  -1.2134382635905169E-018
   5.2700000000000000E-012  -1.2134394091842071E-018
   5.2800000000000001E-012  -1.2134402401421754E-018
   5.2900000000000003E-012  -1.2134407471668330E-018
   5.2999999999999996E-012  -1.2134409762289578E-018
   5.3099999999999998E-012  -1.2134410276849087E-018
   5.3199999999999999E-012  -1.2134410533778295E-018
   5.3300000000000001E-012  -1.2134412466480273E-018
   5.3400000000000003E-012  -1.2134418210579894E-018
   5.3499999999999996E-012  -1.2134429770018092E-018
   5.3599999999999998E-012  -1.2134448605033994E-018
   5.3699999999999999E-012  -1.2134475235509284E-018
   5.3800000000000001E-012  -1.2134508976880491E-018
   5.3900000000000003E-012  -1.2134547903859960E-018
   5.3999999999999996E-012  -1.2134589072242461E-018
   5.4099999999999998E-012  -1.2134628948253712E-018
   5.4199999999999999E-012  -1.2134663935107638E-018
   5.4300000000000001E-012  -1.2134690872082295E-018
   5.4400000000000002E-012  -1.2134707411466416E-018
   5.4499999999999996E-012  -1.2134712231424475E-018
   5.4599999999999998E-012  -1.2134705091918214E-018
   5.4699999999999999E-012  -1.2134686769779137E-018
   5.4800000000000001E-012  -1.2134658915529057E-018
   5.4900000000000002E-012  -1.2134623866074964E-018
   5.5000000000000004E-012  -1.2134584434050446E-018
   5.5099999999999997E-012  -1.2134543683951924E-018
   5.5199999999999999E-012  -1.2134504700740684E-018
   5.5300000000000001E-012  -1.2134470358064429E-018
   5.5400000000000002E-012  -1.2134443098269638E-018
   5.5500000000000004E-012  -1.2134424741467258E-018
   5.5599999999999997E-012  -1.2134416342768291E-018
   5.5699999999999999E-012  -1.2134418113400266E-018
   5.5800000000000001E-012  -1.2134429413037834E-018
   5.5900000000000002E-012  -1.2134448809989652E-018
   5.6000000000000004E-012  -1.2134474196812446E-018
   5.6099999999999997E-012  -1.2134502944680372E-018
   5.6199999999999999E-012  -1.2134532081308990E-018
   5.6300000000000000E-012  -1.2134558482750770E-018
   5.6400000000000002E-012  -1.2134579075851062E-018
   5.6500000000000004E-012  -1.2134591052764465E-018
   5.6599999999999997E-012  -1.2134592100158559E-018
   5.6699999999999999E-012  -1.2134580643251692E-018
   5.6800000000000000E-012  -1.2134556098576534E-018
   5.6900000000000002E-012  -1.2134519118526895E-018
   5.7000000000000003E-012  -1.2134471793992407E-018
   5.7099999999999997E-012  -1.2134417758783421E-018
   5.7199999999999999E-012  -1.2134362116450045E-018
   5.7300000000000000E-012  -1.2134311100745980E-018
   5.7400000000000002E-012  -1.2134271407513813E-018
   5.7500000000000003E-012  -1.2134249217122344E-018
   5.7599999999999997E-012  -1.2134249057330281E-018
   5.7699999999999998E-012  -1.2134272788612961E-018
   5.7800000000000000E-012  -1.2134319046107317E-018
   5.7900000000000002E-012  -1.2134383378453476E-018
   5.8000000000000003E-012  -1.2134459095229629E-018
   5.8099999999999997E-012  -1.2134538575769734E-018
   5.8199999999999998E-012  -1.2134614639116324E-018
   5.8300000000000000E-012  -1.2134681600715751E-018
   5.8400000000000002E-012  -1.2134735810356309E-018
   5.8500000000000003E-012  -1.2134775671694724E-018
   5.8599999999999997E-012  -1.2134801289099330E-018
   5.8699999999999998E-012  -1.2134813934887603E-018
   5.8800000000000000E-012  -1.2134815499361409E-018
   5.8900000000000001E-012  -1.2134808021726382E-018
   5.9000000000000003E-012  -1.2134793340063743E-018
   5.9099999999999997E-012  -1.2134772861939079E-018
   5.9199999999999998E-012  -1.2134747445772489E-018
   5.9300000000000000E-012  -1.2134717388454446E-018
   5.9400000000000001E-012  -1.2134682524572586E-018
   5.9500000000000003E-012  -1.2134642444480740E-018
   5.9599999999999996E-012  -1.2134596822805003E-018
   5.9699999999999998E-012  -1.2134545813771332E-018
   5.9800000000000000E-012  -1.2134490425150345E-018
   5.9900000000000001E-012  -1.2134432752009036E-018
   6.0000000000000003E-012  -1.2134375962608633E-018
   6.0099999999999996E-012  -1.2134323994392918E-018
   6.0199999999999998E-012  -1.2134281017435233E-018
   6.0300000000000000E-012  -1.2134250805327080E-018
   6.0400000000000001E-012  -1.2134236172526547E-018
   6.0500000000000003E-012  -1.2134238589458689E-018
   6.0599999999999996E-012  -1.2134258015797660E-018
   6.0699999999999998E-012  -1.2134292945115486E-018
   6.0799999999999999E-012  -1.2134340636284415E-018
   6.0900000000000001E-012  -1.2134397490599242E-018
   6.1000000000000003E-012  -1.2134459503295157E-018
   6.1099999999999996E-012  -1.2134522695413045E-018
   6.1199999999999998E-012  -1.2134583447057922E-018
   6.1299999999999999E-012  -1.2134638704610194E-018
   6.1400000000000001E-012  -1.2134686087322645E-018
   6.1500000000000002E-012  -1.2134723938793277E-018
   6.1599999999999996E-012  -1.2134751351902297E-018
   6.1699999999999998E-012  -1.2134768164782891E-018
   6.1799999999999999E-012  -1.2134774906321579E-018
   6.1900000000000001E-012  -1.2134772673363139E-018
   6.2000000000000002E-012  -1.2134762942312358E-018
   6.2099999999999996E-012  -1.2134747341932375E-018
   6.2199999999999997E-012  -1.2134727430295992E-018
   6.2299999999999999E-012  -1.2134704521177361E-018
   6.2400000000000001E-012  -1.2134679593431050E-018
   6.2500000000000002E-012  -1.2134653295127767E-018
   6.2600000000000004E-012  -1.2134626029271260E-018
   6.2699999999999997E-012  -1.2134598087522665E-018
   6.2799999999999999E-012  -1.2134569788649079E-018
   6.2900000000000001E-012  -1.2134541581760594E-018
   6.3000000000000002E-012  -1.2134514088648278E-018
   6.3100000000000004E-012  -1.2134488079101894E-018
   6.3199999999999997E-012  -1.2134464391317068E-018
   6.3299999999999999E-012  -1.2134443821267716E-018
   6.3400000000000000E-012  -1.2134427008151793E-018
   6.3500000000000002E-012  -1.2134414338952850E-018
   6.3600000000000004E-012  -1.2134405887211951E-018
   6.3699999999999997E-012  -1.2134401393091057E-018
   6.3799999999999999E-012  -1.2134400286303663E-018
   6.3900000000000000E-012  -1.2134401750948015E-018
   6.4000000000000002E-012  -1.2134404830187210E-018
   6.4100000000000004E-012  -1.2134408566483408E-018
   6.4199999999999997E-012  -1.2134412167320633E-018
   6.4299999999999999E-012  -1.2134415176117030E-018
   6.4400000000000000E-012  -1.2134417615087567E-018
   6.4500000000000002E-012  -1.2134420056404298E-018
   6.4600000000000003E-012  -1.2134423578182189E-018
   6.4699999999999997E-012  -1.2134429580355897E-018
   6.4799999999999999E-012  -1.2134439474069854E-018
   6.4900000000000000E-012  -1.2134454307085381E-018
   6.5000000000000002E-012  -1.2134474426101307E-018
   6.5100000000000003E-012  -1.2134499282155366E-018
   6.5199999999999997E-012  -1.2134527447502053E-018
   6.5299999999999998E-012  -1.2134556843896743E-018
   6.5400000000000000E-012  -1.2134585113010058E-018
   6.5500000000000002E-012  -1.2134610020079984E-018
   6.5600000000000003E-012  -1.2134629785227396E-018
   6.5699999999999997E-012  -1.2134643274485021E-018
   6.5799999999999998E-012  -1.2134650032973843E-018
   6.5900000000000000E-012  -1.2134650185469783E-018
   6.6000000000000001E-012  -1.2134644254670172E-018
   6.6100000000000003E-012  -1.2134632954920087E-018
   6.6199999999999997E-012  -1.2134617014104476E-018
   6.6299999999999998E-012  -1.2134597063564260E-018
   6.6400000000000000E-012  -1.2134573617597217E-018
   6.6500000000000001E-012  -1.2134547141602804E-018
   6.6600000000000003E-012  -1.2134518184015242E-018
   6.6699999999999996E-012  -1.2134487527470054E-018
   6.6799999999999998E-012  -1.2134456306037648E-018
   6.6900000000000000E-012  -1.2134426042157454E-018
   6.7000000000000001E-012  -1.2134398577476636E-018
   6.7100000000000003E-012  -1.2134375898735224E-018
   6.7199999999999996E-012  -1.2134359884403137E-018
   6.7299999999999998E-012  -1.2134352015333179E-018
   6.7400000000000000E-012  -1.2134353103835165E-018
   6.7500000000000001E-012  -1.2134363101285448E-018
   6.7600000000000003E-012  -1.2134381040337736E-018
   6.7699999999999996E-012  -1.2134405145793628E-018
   6.7799999999999998E-012  -1.2134433105844046E-018
   6.7899999999999999E-012  -1.2134462444878593E-018
   6.8000000000000001E-012  -1.2134490903776654E-018
   6.8100000000000003E-012  -1.2134516732805339E-018
   6.8199999999999996E-012  -1.2134538836866716E-018
   6.8299999999999998E-012  -1.2134556764755004E-018
   6.8399999999999999E-012  -1.2134570578972352E-018
   6.8500000000000001E-012  -1.2134580664627647E-018
   6.8600000000000003E-012  -1.2134587533706839E-018
   6.8699999999999996E-012  -1.2134591663862177E-018
   6.8799999999999998E-012  -1.2134593390534015E-018
   6.8899999999999999E-012  -1.2134592855575467E-018
   6.9000000000000001E-012  -1.2134590007038927E-018
   6.9100000000000002E-012  -1.2134584642134820E-018
   6.9199999999999996E-012  -1.2134576486176481E-018
   6.9299999999999998E-012  -1.2134565302348017E-018
   6.9399999999999999E-012  -1.2134551027965448E-018
   6.9500000000000001E-012  -1.2134533929149630E-018
   6.9600000000000002E-012  -1.2134514754074526E-018
   6.9700000000000004E-012  -1.2134494845342274E-018
   6.9799999999999997E-012  -1.2134476152935562E-018
   6.9899999999999999E-012  -1.2134461087487778E-018
   7.0000000000000001E-012  -1.2134452186229158E-018
   7.0100000000000002E-012  -1.2134451632237311E-018
   7.0200000000000004E-012  -1.2134460745953379E-018
   7.0299999999999997E-012  -1.2134479611345942E-018
   7.0399999999999999E-012  -1.2134506971681447E-018
   7.0500000000000001E-012  -1.2134540434851736E-018
   7.0600000000000002E-012  -1.2134576912311467E-018
   7.0700000000000004E-012  -1.2134613139255742E-018
   7.0799999999999997E-012  -1.2134646120452121E-018
   7.0899999999999999E-012  -1.2134673405236456E-018
   7.1000000000000000E-012  -1.2134693176297708E-018
   7.1100000000000002E-012  -1.2134704200463579E-018
   7.1200000000000004E-012  -1.2134705717219157E-018
   7.1299999999999997E-012  -1.2134697335446697E-018
   7.1399999999999999E-012  -1.2134678984837679E-018
   7.1500000000000000E-012  -1.2134650939044108E-018
   7.1600000000000002E-012  -1.2134613900799384E-018
   7.1700000000000003E-012  -1.2134569118021167E-018
   7.1799999999999997E-012  -1.2134518485563821E-018
   7.1899999999999999E-012  -1.2134464581633719E-018
   7.2000000000000000E-012  -1.2134410593625187E-018
   7.2100000000000002E-012  -1.2134360107281857E-018
   7.2200000000000003E-012  -1.2134316764450110E-018
   7.2299999999999997E-012  -1.2134283832055122E-018
   7.2399999999999998E-012  -1.2134263757569344E-018
   7.2500000000000000E-012  -1.2134257802273865E-018
   7.2600000000000002E-012  -1.2134265835084335E-018
   7.2700000000000003E-012  -1.2134286336969632E-018
   7.2799999999999997E-012  -1.2134316618424846E-018
   7.2899999999999998E-012  -1.2134353205017405E-018
   7.3000000000000000E-012  -1.2134392312951765E-018
   7.3100000000000002E-012  -1.2134430325902031E-018
   7.3200000000000003E-012  -1.2134464195578774E-018
   7.3300000000000005E-012  -1.2134491714535221E-018
   7.3400000000000006E-012  -1.2134511640866819E-018
   7.3500000000000008E-012  -1.2134523682438347E-018
   7.3599999999999993E-012  -1.2134528368277259E-018
   7.3699999999999995E-012  -1.2134526845523479E-018
   7.3799999999999997E-012  -1.2134520642852135E-018
   7.3899999999999998E-012  -1.2134511437494317E-018
   7.4000000000000000E-012  -1.2134500854909974E-018
   7.4100000000000001E-012  -1.2134490319603065E-018
   7.4200000000000003E-012  -1.2134480964211707E-018
   7.4300000000000005E-012  -1.2134473593430254E-018
   7.4400000000000006E-012  -1.2134468691066338E-018
   7.4500000000000008E-012  -1.2134466453891846E-018
   7.4599999999999993E-012  -1.2134466835685301E-018
   7.4699999999999995E-012  -1.2134469588839695E-018
   7.4799999999999996E-012  -1.2134474297707311E-018
   7.4899999999999998E-012  -1.2134480405083227E-018
   7.5000000000000000E-012  -1.2134487238250279E-018
   7.5100000000000001E-012  -1.2134494042122874E-018
   7.5200000000000003E-012  -1.2134500024169100E-018
   7.5300000000000004E-012  -1.2134504410572737E-018
   7.5400000000000006E-012  -1.2134506507902272E-018
   7.5500000000000007E-012  -1.2134505761425519E-018
   7.5599999999999993E-012  -1.2134501801115317E-018
   7.5699999999999994E-012  -1.2134494469044100E-018
   7.5799999999999996E-012  -1.2134483826237079E-018
   7.5899999999999998E-012  -1.2134470141853305E-018
   7.5999999999999999E-012  -1.2134453871595546E-018
   7.6100000000000001E-012  -1.2134435634360590E-018
   7.6200000000000002E-012  -1.2134416195191328E-018
   7.6300000000000004E-012  -1.2134396457740105E-018
   7.6400000000000006E-012  -1.2134377460917266E-018
   7.6500000000000007E-012  -1.2134360364554547E-018
   7.6599999999999993E-012  -1.2134346402534581E-018
   7.6699999999999994E-012  -1.2134336784709909E-018
   7.6799999999999996E-012  -1.2134332544348198E-018
   7.6899999999999997E-012  -1.2134334352697937E-018
   7.6999999999999999E-012  -1.2134342345965699E-018
   7.7100000000000001E-012  -1.2134356018688684E-018
   7.7200000000000002E-012  -1.2134374222670416E-018
   7.7300000000000004E-012  -1.2134395276399158E-018
   7.7400000000000005E-012  -1.2134417152552262E-018
   7.7500000000000007E-012  -1.2134437690492711E-018
   7.7599999999999992E-012  -1.2134454787694328E-018
   7.7699999999999994E-012  -1.2134466554821262E-018
   7.7799999999999996E-012  -1.2134471456859279E-018
   7.7899999999999997E-012  -1.2134468485607477E-018
   7.7999999999999999E-012  -1.2134457399322355E-018
   7.8100000000000000E-012  -1.2134439016894054E-018
   7.8200000000000002E-012  -1.2134415477748381E-018
   7.8300000000000004E-012  -1.2134390308175554E-018
   7.8400000000000005E-012  -1.2134368121490962E-018
   7.8500000000000007E-012  -1.2134353868921254E-018
   7.8599999999999992E-012  -1.2134351748374007E-018
   7.8699999999999994E-012  -1.2134364089294204E-018
   7.8799999999999995E-012  -1.2134390630925808E-018
   7.8899999999999997E-012  -1.2134428503194663E-018
   7.8999999999999999E-012  -1.2134472936460361E-018
   7.9100000000000000E-012  -1.2134518425551362E-018
   7.9200000000000002E-012  -1.2134559924505842E-018
   7.9300000000000003E-012  -1.2134593710832245E-018
   7.9400000000000005E-012  -1.2134617756807523E-018
   7.9500000000000007E-012  -1.2134631649728603E-018
   7.9599999999999992E-012  -1.2134636222010325E-018
   7.9699999999999994E-012  -1.2134633070350172E-018
   7.9799999999999995E-012  -1.2134624097418272E-018
   7.9899999999999997E-012  -1.2134611146103345E-018
   7.9999999999999998E-012  -1.2134595745601082E-018
   8.0100000000000000E-012  -1.2134578960593557E-018
   8.0200000000000002E-012  -1.2134561326321693E-018
   8.0300000000000003E-012  -1.2134542855480766E-018
   8.0400000000000005E-012  -1.2134523109763377E-018
   8.0500000000000006E-012  -1.2134501333925856E-018
   8.0600000000000008E-012  -1.2134476650402498E-018
   8.0699999999999993E-012  -1.2134448306683830E-018
   8.0799999999999995E-012  -1.2134415956056821E-018
   8.0899999999999997E-012  -1.2134379935842788E-018
   8.0999999999999998E-012  -1.2134341488574325E-018
   8.1100000000000000E-012  -1.2134302856753912E-018
   8.1200000000000001E-012  -1.2134267181714815E-018
   8.1300000000000003E-012  -1.2134238163997545E-018
   8.1400000000000005E-012  -1.2134219501986994E-018
   8.1500000000000006E-012  -1.2134214205493516E-018
   8.1600000000000008E-012  -1.2134223949787869E-018
   8.1699999999999993E-012  -1.2134248654456780E-018
   8.1799999999999995E-012  -1.2134286418797311E-018
   8.1899999999999996E-012  -1.2134333836219505E-018
   8.1999999999999998E-012  -1.2134386591489636E-018
   8.2100000000000000E-012  -1.2134440168868283E-018
   8.2200000000000001E-012  -1.2134490493011297E-018
   8.2300000000000003E-012  -1.2134534377857520E-018
   8.2400000000000004E-012  -1.2134569737594802E-018
   8.2500000000000006E-012  -1.2134595583271549E-018
   8.2600000000000008E-012  -1.2134611869164926E-018
   8.2699999999999993E-012  -1.2134619262970189E-018
   8.2799999999999995E-012  -1.2134618902512475E-018
   8.2899999999999996E-012  -1.2134612180731051E-018
   8.2999999999999998E-012  -1.2134600579041365E-018
   8.3099999999999999E-012  -1.2134585551691422E-018
   8.3200000000000001E-012  -1.2134568452169151E-018
   8.3300000000000003E-012  -1.2134550487286453E-018
   8.3400000000000004E-012  -1.2134532684721330E-018
   8.3500000000000006E-012  -1.2134515864436556E-018
   8.3600000000000007E-012  -1.2134500611645871E-018
   8.3699999999999993E-012  -1.2134487256302943E-018
   8.3799999999999994E-012  -1.2134475868717417E-018
   8.3899999999999996E-012  -1.2134466280908092E-018
   8.3999999999999998E-012  -1.2134458138391629E-018
   8.4099999999999999E-012  -1.2134450978896660E-018
   8.4200000000000001E-012  -1.2134444326008591E-018
   8.4300000000000002E-012  -1.2134437780189485E-018
   8.4400000000000004E-012  -1.2134431089101755E-018
   8.4500000000000005E-012  -1.2134424183961179E-018
   8.4600000000000007E-012  -1.2134417177105279E-018
   8.4699999999999993E-012  -1.2134410325262459E-018
   8.4799999999999994E-012  -1.2134403970171215E-018
   8.4899999999999996E-012  -1.2134398471171149E-018
   8.4999999999999997E-012  -1.2134394142727513E-018
   8.5099999999999999E-012  -1.2134391204851703E-018
   8.5200000000000000E-012  -1.2134389748684853E-018
   8.5300000000000002E-012  -1.2134389716079951E-018
   8.5400000000000004E-012  -1.2134390892889669E-018
   8.5500000000000005E-012  -1.2134392920731362E-018
   8.5600000000000007E-012  -1.2134395338336977E-018
   8.5699999999999992E-012  -1.2134397665913230E-018
   8.5799999999999994E-012  -1.2134399538480669E-018
   8.5899999999999995E-012  -1.2134400874072970E-018
   8.5999999999999997E-012  -1.2134402033760429E-018
   8.6099999999999999E-012  -1.2134403905232790E-018
   8.6200000000000000E-012  -1.2134407838558275E-018
   8.6300000000000002E-012  -1.2134415396626440E-018
   8.6400000000000003E-012  -1.2134427951836037E-018
   8.6500000000000005E-012  -1.2134446238443873E-018
   8.6600000000000007E-012  -1.2134470014212843E-018
   8.6699999999999992E-012  -1.2134497962563606E-018
   8.6799999999999994E-012  -1.2134527880117865E-018
   8.6899999999999995E-012  -1.2134557086715993E-018
   8.6999999999999997E-012  -1.2134582921468351E-018
   8.7099999999999998E-012  -1.2134603181506004E-018
   8.7200000000000000E-012  -1.2134616410853971E-018
   8.7300000000000002E-012  -1.2134622017647081E-018
   8.7400000000000003E-012  -1.2134620250779542E-018
   8.7500000000000005E-012  -1.2134612084712833E-018
   8.7600000000000006E-012  -1.2134599049648519E-018
   8.7699999999999992E-012  -1.2134583022487904E-018
   8.7799999999999993E-012  -1.2134565980446555E-018
   8.7899999999999995E-012  -1.2134549723243383E-018
   8.7999999999999997E-012  -1.2134535589267160E-018
   8.8099999999999998E-012  -1.2134524215033215E-018
   8.8200000000000000E-012  -1.2134515401516083E-018
   8.8300000000000001E-012  -1.2134508145008436E-018
   8.8400000000000003E-012  -1.2134500861267022E-018
   8.8500000000000005E-012  -1.2134491785525684E-018
   8.8600000000000006E-012  -1.2134479478650804E-018
   8.8700000000000008E-012  -1.2134463324591526E-018
   8.8799999999999993E-012  -1.2134443880281967E-018
   8.8899999999999995E-012  -1.2134422950582520E-018
   8.8999999999999996E-012  -1.2134403318583049E-018
   8.9099999999999998E-012  -1.2134388162638367E-018
   8.9200000000000000E-012  -1.2134380307422338E-018
   8.9300000000000001E-012  -1.2134381535154918E-018
   8.9400000000000003E-012  -1.2134392175557024E-018
   8.9500000000000004E-012  -1.2134411089776934E-018
   8.9600000000000006E-012  -1.2134436012303736E-018
   8.9700000000000008E-012  -1.2134464094028661E-018
   8.9799999999999993E-012  -1.2134492455273305E-018
   8.9899999999999995E-012  -1.2134518609106277E-018
   8.9999999999999996E-012  -1.2134540705271303E-018
   9.0099999999999998E-012  -1.2134557619532705E-018
   9.0199999999999999E-012  -1.2134568944685032E-018
   9.0300000000000001E-012  -1.2134574932597063E-018
   9.0400000000000003E-012  -1.2134576412864789E-018
   9.0500000000000004E-012  -1.2134574692488929E-018
   9.0600000000000006E-012  -1.2134571431095347E-018
   9.0700000000000007E-012  -1.2134568486422095E-018
   9.0799999999999993E-012  -1.2134567730017425E-018
   9.0899999999999994E-012  -1.2134570839313937E-018
   9.0999999999999996E-012  -1.2134579077916966E-018
   9.1099999999999998E-012  -1.2134593080623670E-018
   9.1199999999999999E-012  -1.2134612662505460E-018
   9.1300000000000001E-012  -1.2134636671545661E-018
   9.1400000000000002E-012  -1.2134662903419009E-018
   9.1500000000000004E-012  -1.2134688100449875E-018
   9.1600000000000006E-012  -1.2134708071506389E-018
   9.1700000000000007E-012  -1.2134717996790799E-018
   9.1799999999999993E-012  -1.2134713007031631E-018
   9.1899999999999994E-012  -1.2134689114323650E-018
   9.1999999999999996E-012  -1.2134644470674122E-018
   9.2099999999999997E-012  -1.2134580708328513E-018
   9.2199999999999999E-012  -1.2134503824993527E-018
   9.2300000000000001E-012  -1.2134423906957395E-018
   9.2400000000000002E-012  -1.2134353207540167E-018
   9.2500000000000004E-012  -1.2134302838977110E-018
   9.2600000000000005E-012  -1.2134279279142449E-018
   9.2700000000000007E-012  -1.2134282335851865E-018
   9.2799999999999992E-012  -1.2134305625563832E-018
   9.2899999999999994E-012  -1.2134339284397027E-018
   9.2999999999999996E-012  -1.2134373492476803E-018
   9.3099999999999997E-012  -1.2134401227639317E-018
   9.3199999999999999E-012  -1.2134419398792756E-018
   9.3300000000000000E-012  -1.2134428457051970E-018
   9.3400000000000002E-012  -1.2134431145108002E-018
   9.3500000000000003E-012  -1.2134431093580212E-018
   9.3600000000000005E-012  -1.2134431720929097E-018
   9.3700000000000007E-012  -1.2134435597796279E-018
   9.3799999999999992E-012  -1.2134444233957144E-018
   9.3899999999999994E-012  -1.2134458155766004E-018
   9.3999999999999995E-012  -1.2134477130982860E-018
   9.4099999999999997E-012  -1.2134500428259925E-018
   9.4199999999999998E-012  -1.2134527043103480E-018
   9.4300000000000000E-012  -1.2134555863571725E-018
   9.4400000000000002E-012  -1.2134585777632645E-018
   9.4500000000000003E-012  -1.2134615737192985E-018
   9.4600000000000005E-012  -1.2134644794415598E-018
   9.4700000000000006E-012  -1.2134672120360009E-018
   9.4799999999999992E-012  -1.2134697010061151E-018
   9.4899999999999993E-012  -1.2134718875085346E-018
   9.4999999999999995E-012  -1.2134737224587458E-018
   9.5099999999999997E-012  -1.2134751637587577E-018
   9.5199999999999998E-012  -1.2134761731326057E-018
   9.5300000000000000E-012  -1.2134767132813482E-018
   9.5400000000000001E-012  -1.2134767463435095E-018
   9.5500000000000003E-012  -1.2134762349438976E-018
   9.5600000000000005E-012  -1.2134751472223297E-018
   9.5700000000000006E-012  -1.2134734667384079E-018
   9.5800000000000008E-012  -1.2134712066366264E-018
   9.5899999999999993E-012  -1.2134684249384584E-018
   9.5999999999999995E-012  -1.2134652351472461E-018
   9.6099999999999996E-012  -1.2134618051944427E-018
   9.6199999999999998E-012  -1.2134583398886944E-018
   9.6300000000000000E-012  -1.2134550479040437E-018
   9.6400000000000001E-012  -1.2134521019415555E-018
   9.6500000000000003E-012  -1.2134496059061758E-018
   9.6600000000000004E-012  -1.2134475819094111E-018
   9.6700000000000006E-012  -1.2134459820683528E-018
   9.6800000000000008E-012  -1.2134447192402219E-018
   9.6899999999999993E-012  -1.2134437030124559E-018
   9.6999999999999995E-012  -1.2134428666109089E-018
   9.7099999999999996E-012  -1.2134421765386611E-018
   9.7199999999999998E-012  -1.2134416255628420E-018
   9.7299999999999999E-012  -1.2134412162895961E-018
   9.7400000000000001E-012  -1.2134409444151928E-018
   9.7500000000000003E-012  -1.2134407883294294E-018
   9.7600000000000004E-012  -1.2134407075268895E-018
   9.7700000000000006E-012  -1.2134406487137287E-018
   9.7800000000000007E-012  -1.2134405567407226E-018
   9.7899999999999993E-012  -1.2134403872893195E-018
   9.7999999999999994E-012  -1.2134401186670646E-018
   9.8099999999999996E-012  -1.2134397604381330E-018
   9.8199999999999998E-012  -1.2134393568744053E-018
   9.8299999999999999E-012  -1.2134389837965269E-018
   9.8400000000000001E-012  -1.2134387386837890E-018
   9.8500000000000002E-012  -1.2134387258576575E-018
   9.8600000000000004E-012  -1.2134390403366764E-018
   9.8700000000000006E-012  -1.2134397546044231E-018
   9.8800000000000007E-012  -1.2134409114252549E-018
   9.8899999999999993E-012  -1.2134425233297342E-018
   9.8999999999999994E-012  -1.2134445766952376E-018
   9.9099999999999996E-012  -1.2134470368666084E-018
   9.9199999999999997E-012  -1.2134498512063671E-018
   9.9299999999999999E-012  -1.2134529489450165E-018
   9.9400000000000001E-012  -1.2134562390391925E-018
   9.9500000000000002E-012  -1.2134596087198336E-018
   9.9600000000000004E-012  -1.2134629254263046E-018
   9.9700000000000005E-012  -1.2134660435812069E-018
   9.9800000000000007E-012  -1.2134688158897357E-018
   9.9899999999999992E-012  -1.2134711073239777E-018
   9.9999999999999994E-012  -1.2134728091584103E-018
