   120000.00000000000     
   119975.00000000000     
   119950.00000000000     
   119925.00000000000     
   119900.00000000000     
   119875.00000000000     
   119850.00000000000     
   119825.00000000000     
   119800.00000000000     
   119775.00000000000     
   119750.00000000000     
   119725.00000000000     
   119700.00000000000     
   119675.00000000000     
   119650.00000000000     
   119625.00000000000     
   119600.00000000000     
   119575.00000000000     
   119550.00000000000     
   119525.00000000000     
   119500.00000000000     
   119475.00000000000     
   119450.00000000000     
   119425.00000000000     
   119400.00000000000     
   119375.00000000000     
   119350.00000000000     
   119325.00000000000     
   119300.00000000000     
   119275.00000000000     
   119250.00000000000     
   119225.00000000000     
   119200.00000000000     
   119175.00000000000     
   119150.00000000000     
   119125.00000000000     
   119100.00000000000     
   119075.00000000000     
   119050.00000000000     
   119025.00000000000     
   119000.00000000000     
   118975.00000000000     
   118950.00000000000     
   118925.00000000000     
   118900.00000000000     
   118875.00000000000     
   118850.00000000000     
   118825.00000000000     
   118800.00000000000     
   118775.00000000000     
   118750.00000000000     
   118725.00000000000     
   118700.00000000000     
   118675.00000000000     
   118650.00000000000     
   118625.00000000000     
   118600.00000000000     
   118575.00000000000     
   118550.00000000000     
   118525.00000000000     
   118500.00000000000     
   118475.00000000000     
   118450.00000000000     
   118425.00000000000     
   118400.00000000000     
   118375.00000000000     
   118350.00000000000     
   118325.00000000000     
   118300.00000000000     
   118275.00000000000     
   118250.00000000000     
   118225.00000000000     
   118200.00000000000     
   118175.00000000000     
   118150.00000000000     
   118125.00000000000     
   118100.00000000000     
   118075.00000000000     
   118050.00000000000     
   118025.00000000000     
   118000.00000000000     
   117975.00000000000     
   117950.00000000000     
   117925.00000000000     
   117900.00000000000     
   117875.00000000000     
   117850.00000000000     
   117825.00000000000     
   117800.00000000000     
   117775.00000000000     
   117750.00000000000     
   117725.00000000000     
   117700.00000000000     
   117675.00000000000     
   117650.00000000000     
   117625.00000000000     
   117600.00000000000     
   117575.00000000000     
   117550.00000000000     
   117525.00000000000     
   117500.00000000000     
   117475.00000000000     
   117450.00000000000     
   117425.00000000000     
   117400.00000000000     
   117375.00000000000     
   117350.00000000000     
   117325.00000000000     
   117300.00000000000     
   117275.00000000000     
   117250.00000000000     
   117225.00000000000     
   117200.00000000000     
   117175.00000000000     
   117150.00000000000     
   117125.00000000000     
   117100.00000000000     
   117075.00000000000     
   117050.00000000000     
   117025.00000000000     
   117000.00000000000     
   116975.00000000000     
   116950.00000000000     
   116925.00000000000     
   116900.00000000000     
   116875.00000000000     
   116850.00000000000     
   116825.00000000000     
   116800.00000000000     
   116775.00000000000     
   116750.00000000000     
   116725.00000000000     
   116700.00000000000     
   116675.00000000000     
   116650.00000000000     
   116625.00000000000     
   116600.00000000000     
   116575.00000000000     
   116550.00000000000     
   116525.00000000000     
   116500.00000000000     
   116475.00000000000     
   116450.00000000000     
   116425.00000000000     
   116400.00000000000     
   116375.00000000000     
   116350.00000000000     
   116325.00000000000     
   116300.00000000000     
   116275.00000000000     
   116250.00000000000     
   116225.00000000000     
   116200.00000000000     
   116175.00000000000     
   116150.00000000000     
   116125.00000000000     
   116100.00000000000     
   116075.00000000000     
   116050.00000000000     
   116025.00000000000     
   116000.00000000000     
   115975.00000000000     
   115950.00000000000     
   115925.00000000000     
   115900.00000000000     
   115875.00000000000     
   115850.00000000000     
   115825.00000000000     
   115800.00000000000     
   115775.00000000000     
   115750.00000000000     
   115725.00000000000     
   115700.00000000000     
   115675.00000000000     
   115650.00000000000     
   115625.00000000000     
   115600.00000000000     
   115575.00000000000     
   115550.00000000000     
   115525.00000000000     
   115500.00000000000     
   115475.00000000000     
   115450.00000000000     
   115425.00000000000     
   115400.00000000000     
   115375.00000000000     
   115350.00000000000     
   115325.00000000000     
   115300.00000000000     
   115275.00000000000     
   115250.00000000000     
   115225.00000000000     
   115200.00000000000     
   115175.00000000000     
   115150.00000000000     
   115125.00000000000     
   115100.00000000000     
   115075.00000000000     
   115050.00000000000     
   115025.00000000000     
   115000.00000000000     
   114975.00000000000     
   114950.00000000000     
   114925.00000000000     
   114900.00000000000     
   114875.00000000000     
   114850.00000000000     
   114825.00000000000     
   114800.00000000000     
   114775.00000000000     
   114750.00000000000     
   114725.00000000000     
   114700.00000000000     
   114675.00000000000     
   114650.00000000000     
   114625.00000000000     
   114600.00000000000     
   114575.00000000000     
   114550.00000000000     
   114525.00000000000     
   114500.00000000000     
   114475.00000000000     
   114450.00000000000     
   114425.00000000000     
   114400.00000000000     
   114375.00000000000     
   114350.00000000000     
   114325.00000000000     
   114300.00000000000     
   114275.00000000000     
   114250.00000000000     
   114225.00000000000     
   114200.00000000000     
   114175.00000000000     
   114150.00000000000     
   114125.00000000000     
   114100.00000000000     
   114075.00000000000     
   114050.00000000000     
   114025.00000000000     
   114000.00000000000     
   113975.00000000000     
   113950.00000000000     
   113925.00000000000     
   113900.00000000000     
   113875.00000000000     
   113850.00000000000     
   113825.00000000000     
   113800.00000000000     
   113775.00000000000     
   113750.00000000000     
   113725.00000000000     
   113700.00000000000     
   113675.00000000000     
   113650.00000000000     
   113625.00000000000     
   113600.00000000000     
   113575.00000000000     
   113550.00000000000     
   113525.00000000000     
   113500.00000000000     
   113475.00000000000     
   113450.00000000000     
   113425.00000000000     
   113400.00000000000     
   113375.00000000000     
   113350.00000000000     
   113325.00000000000     
   113300.00000000000     
   113275.00000000000     
   113250.00000000000     
   113225.00000000000     
   113200.00000000000     
   113175.00000000000     
   113150.00000000000     
   113125.00000000000     
   113100.00000000000     
   113075.00000000000     
   113050.00000000000     
   113025.00000000000     
   113000.00000000000     
   112975.00000000000     
   112950.00000000000     
   112925.00000000000     
   112900.00000000000     
   112875.00000000000     
   112850.00000000000     
   112825.00000000000     
   112800.00000000000     
   112775.00000000000     
   112750.00000000000     
   112725.00000000000     
   112700.00000000000     
   112675.00000000000     
   112650.00000000000     
   112625.00000000000     
   112600.00000000000     
   112575.00000000000     
   112550.00000000000     
   112525.00000000000     
   112500.00000000000     
   112475.00000000000     
   112450.00000000000     
   112425.00000000000     
   112400.00000000000     
   112375.00000000000     
   112350.00000000000     
   112325.00000000000     
   112300.00000000000     
   112275.00000000000     
   112250.00000000000     
   112225.00000000000     
   112200.00000000000     
   112175.00000000000     
   112150.00000000000     
   112125.00000000000     
   112100.00000000000     
   112075.00000000000     
   112050.00000000000     
   112025.00000000000     
   112000.00000000000     
   111975.00000000000     
   111950.00000000000     
   111925.00000000000     
   111900.00000000000     
   111875.00000000000     
   111850.00000000000     
   111825.00000000000     
   111800.00000000000     
   111775.00000000000     
   111750.00000000000     
   111725.00000000000     
   111700.00000000000     
   111675.00000000000     
   111650.00000000000     
   111625.00000000000     
   111600.00000000000     
   111575.00000000000     
   111550.00000000000     
   111525.00000000000     
   111500.00000000000     
   111475.00000000000     
   111450.00000000000     
   111425.00000000000     
   111400.00000000000     
   111375.00000000000     
   111350.00000000000     
   111325.00000000000     
   111300.00000000000     
   111275.00000000000     
   111250.00000000000     
   111225.00000000000     
   111200.00000000000     
   111175.00000000000     
   111150.00000000000     
   111125.00000000000     
   111100.00000000000     
   111075.00000000000     
   111050.00000000000     
   111025.00000000000     
   111000.00000000000     
   110975.00000000000     
   110950.00000000000     
   110925.00000000000     
   110900.00000000000     
   110875.00000000000     
   110850.00000000000     
   110825.00000000000     
   110800.00000000000     
   110775.00000000000     
   110750.00000000000     
   110725.00000000000     
   110700.00000000000     
   110675.00000000000     
   110650.00000000000     
   110625.00000000000     
   110600.00000000000     
   110575.00000000000     
   110550.00000000000     
   110525.00000000000     
   110500.00000000000     
   110475.00000000000     
   110450.00000000000     
   110425.00000000000     
   110400.00000000000     
   110375.00000000000     
   110350.00000000000     
   110325.00000000000     
   110300.00000000000     
   110275.00000000000     
   110250.00000000000     
   110225.00000000000     
   110200.00000000000     
   110175.00000000000     
   110150.00000000000     
   110125.00000000000     
   110100.00000000000     
   110075.00000000000     
   110050.00000000000     
   110025.00000000000     
   110000.00000000000     
   109975.00000000000     
   109950.00000000000     
   109925.00000000000     
   109900.00000000000     
   109875.00000000000     
   109850.00000000000     
   109825.00000000000     
   109800.00000000000     
   109775.00000000000     
   109750.00000000000     
   109725.00000000000     
   109700.00000000000     
   109675.00000000000     
   109650.00000000000     
   109625.00000000000     
   109600.00000000000     
   109575.00000000000     
   109550.00000000000     
   109525.00000000000     
   109500.00000000000     
   109475.00000000000     
   109450.00000000000     
   109425.00000000000     
   109400.00000000000     
   109375.00000000000     
   109350.00000000000     
   109325.00000000000     
   109300.00000000000     
   109275.00000000000     
   109250.00000000000     
   109225.00000000000     
   109200.00000000000     
   109175.00000000000     
   109150.00000000000     
   109125.00000000000     
   109100.00000000000     
   109075.00000000000     
   109050.00000000000     
   109025.00000000000     
   109000.00000000000     
   108975.00000000000     
   108950.00000000000     
   108925.00000000000     
   108900.00000000000     
   108875.00000000000     
   108850.00000000000     
   108825.00000000000     
   108800.00000000000     
   108775.00000000000     
   108750.00000000000     
   108725.00000000000     
   108700.00000000000     
   108675.00000000000     
   108650.00000000000     
   108625.00000000000     
   108600.00000000000     
   108575.00000000000     
   108550.00000000000     
   108525.00000000000     
   108500.00000000000     
   108475.00000000000     
   108450.00000000000     
   108425.00000000000     
   108400.00000000000     
   108375.00000000000     
   108350.00000000000     
   108325.00000000000     
   108300.00000000000     
   108275.00000000000     
   108250.00000000000     
   108225.00000000000     
   108200.00000000000     
   108175.00000000000     
   108150.00000000000     
   108125.00000000000     
   108100.00000000000     
   108075.00000000000     
   108050.00000000000     
   108025.00000000000     
   108000.00000000000     
   107975.00000000000     
   107950.00000000000     
   107925.00000000000     
   107900.00000000000     
   107875.00000000000     
   107850.00000000000     
   107825.00000000000     
   107800.00000000000     
   107775.00000000000     
   107750.00000000000     
   107725.00000000000     
   107700.00000000000     
   107675.00000000000     
   107650.00000000000     
   107625.00000000000     
   107600.00000000000     
   107575.00000000000     
   107550.00000000000     
   107525.00000000000     
   107500.00000000000     
   107475.00000000000     
   107450.00000000000     
   107425.00000000000     
   107400.00000000000     
   107375.00000000000     
   107350.00000000000     
   107325.00000000000     
   107300.00000000000     
   107275.00000000000     
   107250.00000000000     
   107225.00000000000     
   107200.00000000000     
   107175.00000000000     
   107150.00000000000     
   107125.00000000000     
   107100.00000000000     
   107075.00000000000     
   107050.00000000000     
   107025.00000000000     
   107000.00000000000     
   106975.00000000000     
   106950.00000000000     
   106925.00000000000     
   106900.00000000000     
   106875.00000000000     
   106850.00000000000     
   106825.00000000000     
   106800.00000000000     
   106775.00000000000     
   106750.00000000000     
   106725.00000000000     
   106700.00000000000     
   106675.00000000000     
   106650.00000000000     
   106625.00000000000     
   106600.00000000000     
   106575.00000000000     
   106550.00000000000     
   106525.00000000000     
   106500.00000000000     
   106475.00000000000     
   106450.00000000000     
   106425.00000000000     
   106400.00000000000     
   106375.00000000000     
   106350.00000000000     
   106325.00000000000     
   106300.00000000000     
   106275.00000000000     
   106250.00000000000     
   106225.00000000000     
   106200.00000000000     
   106175.00000000000     
   106150.00000000000     
   106125.00000000000     
   106100.00000000000     
   106075.00000000000     
   106050.00000000000     
   106025.00000000000     
   106000.00000000000     
   105975.00000000000     
   105950.00000000000     
   105925.00000000000     
   105900.00000000000     
   105875.00000000000     
   105850.00000000000     
   105825.00000000000     
   105800.00000000000     
   105775.00000000000     
   105750.00000000000     
   105725.00000000000     
   105700.00000000000     
   105675.00000000000     
   105650.00000000000     
   105625.00000000000     
   105600.00000000000     
   105575.00000000000     
   105550.00000000000     
   105525.00000000000     
   105500.00000000000     
   105475.00000000000     
   105450.00000000000     
   105425.00000000000     
   105400.00000000000     
   105375.00000000000     
   105350.00000000000     
   105325.00000000000     
   105300.00000000000     
   105275.00000000000     
   105250.00000000000     
   105225.00000000000     
   105200.00000000000     
   105175.00000000000     
   105150.00000000000     
   105125.00000000000     
   105100.00000000000     
   105075.00000000000     
   105050.00000000000     
   105025.00000000000     
   105000.00000000000     
   104975.00000000000     
   104950.00000000000     
   104925.00000000000     
   104900.00000000000     
   104875.00000000000     
   104850.00000000000     
   104825.00000000000     
   104800.00000000000     
   104775.00000000000     
   104750.00000000000     
   104725.00000000000     
   104700.00000000000     
   104675.00000000000     
   104650.00000000000     
   104625.00000000000     
   104600.00000000000     
   104575.00000000000     
   104550.00000000000     
   104525.00000000000     
   104500.00000000000     
   104475.00000000000     
   104450.00000000000     
   104425.00000000000     
   104400.00000000000     
   104375.00000000000     
   104350.00000000000     
   104325.00000000000     
   104300.00000000000     
   104275.00000000000     
   104250.00000000000     
   104225.00000000000     
   104200.00000000000     
   104175.00000000000     
   104150.00000000000     
   104125.00000000000     
   104100.00000000000     
   104075.00000000000     
   104050.00000000000     
   104025.00000000000     
   104000.00000000000     
   103975.00000000000     
   103950.00000000000     
   103925.00000000000     
   103900.00000000000     
   103875.00000000000     
   103850.00000000000     
   103825.00000000000     
   103800.00000000000     
   103775.00000000000     
   103750.00000000000     
   103725.00000000000     
   103700.00000000000     
   103675.00000000000     
   103650.00000000000     
   103625.00000000000     
   103600.00000000000     
   103575.00000000000     
   103550.00000000000     
   103525.00000000000     
   103500.00000000000     
   103475.00000000000     
   103450.00000000000     
   103425.00000000000     
   103400.00000000000     
   103375.00000000000     
   103350.00000000000     
   103325.00000000000     
   103300.00000000000     
   103275.00000000000     
   103250.00000000000     
   103225.00000000000     
   103200.00000000000     
   103175.00000000000     
   103150.00000000000     
   103125.00000000000     
   103100.00000000000     
   103075.00000000000     
   103050.00000000000     
   103025.00000000000     
   103000.00000000000     
   102975.00000000000     
   102950.00000000000     
   102925.00000000000     
   102900.00000000000     
   102875.00000000000     
   102850.00000000000     
   102825.00000000000     
   102800.00000000000     
   102775.00000000000     
   102750.00000000000     
   102725.00000000000     
   102700.00000000000     
   102675.00000000000     
   102650.00000000000     
   102625.00000000000     
   102600.00000000000     
   102575.00000000000     
   102550.00000000000     
   102525.00000000000     
   102500.00000000000     
   102475.00000000000     
   102450.00000000000     
   102425.00000000000     
   102400.00000000000     
   102375.00000000000     
   102350.00000000000     
   102325.00000000000     
   102300.00000000000     
   102275.00000000000     
   102250.00000000000     
   102225.00000000000     
   102200.00000000000     
   102175.00000000000     
   102150.00000000000     
   102125.00000000000     
   102100.00000000000     
   102075.00000000000     
   102050.00000000000     
   102025.00000000000     
   102000.00000000000     
   101975.00000000000     
   101950.00000000000     
   101925.00000000000     
   101900.00000000000     
   101875.00000000000     
   101850.00000000000     
   101825.00000000000     
   101800.00000000000     
   101775.00000000000     
   101750.00000000000     
   101725.00000000000     
   101700.00000000000     
   101675.00000000000     
   101650.00000000000     
   101625.00000000000     
   101600.00000000000     
   101575.00000000000     
   101550.00000000000     
   101525.00000000000     
   101500.00000000000     
   101475.00000000000     
   101450.00000000000     
   101425.00000000000     
   101400.00000000000     
   101375.00000000000     
   101350.00000000000     
   101325.00000000000     
   101300.00000000000     
   101275.00000000000     
   101250.00000000000     
   101225.00000000000     
   101200.00000000000     
   101175.00000000000     
   101150.00000000000     
   101125.00000000000     
   101100.00000000000     
   101075.00000000000     
   101050.00000000000     
   101025.00000000000     
   101000.00000000000     
   100975.00000000000     
   100950.00000000000     
   100925.00000000000     
   100900.00000000000     
   100875.00000000000     
   100850.00000000000     
   100825.00000000000     
   100800.00000000000     
   100775.00000000000     
   100750.00000000000     
   100725.00000000000     
   100700.00000000000     
   100675.00000000000     
   100650.00000000000     
   100625.00000000000     
   100600.00000000000     
   100575.00000000000     
   100550.00000000000     
   100525.00000000000     
   100500.00000000000     
   100475.00000000000     
   100450.00000000000     
   100425.00000000000     
   100400.00000000000     
   100375.00000000000     
   100350.00000000000     
   100325.00000000000     
   100300.00000000000     
   100275.00000000000     
   100250.00000000000     
   100225.00000000000     
   100200.00000000000     
   100175.00000000000     
   100150.00000000000     
   100125.00000000000     
   100100.00000000000     
   100075.00000000000     
   100050.00000000000     
   100025.00000000000     
   100000.00000000000     
   99975.000000000000     
   99950.000000000000     
   99925.000000000000     
   99900.000000000000     
   99875.000000000000     
   99850.000000000000     
   99825.000000000000     
   99800.000000000000     
   99775.000000000000     
   99750.000000000000     
   99725.000000000000     
   99700.000000000000     
   99675.000000000000     
   99650.000000000000     
   99625.000000000000     
   99600.000000000000     
   99575.000000000000     
   99550.000000000000     
   99525.000000000000     
   99500.000000000000     
   99475.000000000000     
   99450.000000000000     
   99425.000000000000     
   99400.000000000000     
   99375.000000000000     
   99350.000000000000     
   99325.000000000000     
   99300.000000000000     
   99275.000000000000     
   99250.000000000000     
   99225.000000000000     
   99200.000000000000     
   99175.000000000000     
   99150.000000000000     
   99125.000000000000     
   99100.000000000000     
   99075.000000000000     
   99050.000000000000     
   99025.000000000000     
   99000.000000000000     
   98975.000000000000     
   98950.000000000000     
   98925.000000000000     
   98900.000000000000     
   98875.000000000000     
   98850.000000000000     
   98825.000000000000     
   98800.000000000000     
   98775.000000000000     
   98750.000000000000     
   98725.000000000000     
   98700.000000000000     
   98675.000000000000     
   98650.000000000000     
   98625.000000000000     
   98600.000000000000     
   98575.000000000000     
   98550.000000000000     
   98525.000000000000     
   98500.000000000000     
   98475.000000000000     
   98450.000000000000     
   98425.000000000000     
   98400.000000000000     
   98375.000000000000     
   98350.000000000000     
   98325.000000000000     
   98300.000000000000     
   98275.000000000000     
   98250.000000000000     
   98225.000000000000     
   98200.000000000000     
   98175.000000000000     
   98150.000000000000     
   98125.000000000000     
   98100.000000000000     
   98075.000000000000     
   98050.000000000000     
   98025.000000000000     
   98000.000000000000     
   97975.000000000000     
   97950.000000000000     
   97925.000000000000     
   97900.000000000000     
   97875.000000000000     
   97850.000000000000     
   97825.000000000000     
   97800.000000000000     
   97775.000000000000     
   97750.000000000000     
   97725.000000000000     
   97700.000000000000     
   97675.000000000000     
   97650.000000000000     
   97625.000000000000     
   97600.000000000000     
   97575.000000000000     
   97550.000000000000     
   97525.000000000000     
   97500.000000000000     
   97475.000000000000     
   97450.000000000000     
   97425.000000000000     
   97400.000000000000     
   97375.000000000000     
   97350.000000000000     
   97325.000000000000     
   97300.000000000000     
   97275.000000000000     
   97250.000000000000     
   97225.000000000000     
   97200.000000000000     
   97175.000000000000     
   97150.000000000000     
   97125.000000000000     
   97100.000000000000     
   97075.000000000000     
   97050.000000000000     
   97025.000000000000     
   97000.000000000000     
   96975.000000000000     
   96950.000000000000     
   96925.000000000000     
   96900.000000000000     
   96875.000000000000     
   96850.000000000000     
   96825.000000000000     
   96800.000000000000     
   96775.000000000000     
   96750.000000000000     
   96725.000000000000     
   96700.000000000000     
   96675.000000000000     
   96650.000000000000     
   96625.000000000000     
   96600.000000000000     
   96575.000000000000     
   96550.000000000000     
   96525.000000000000     
   96500.000000000000     
   96475.000000000000     
   96450.000000000000     
   96425.000000000000     
   96400.000000000000     
   96375.000000000000     
   96350.000000000000     
   96325.000000000000     
   96300.000000000000     
   96275.000000000000     
   96250.000000000000     
   96225.000000000000     
   96200.000000000000     
   96175.000000000000     
   96150.000000000000     
   96125.000000000000     
   96100.000000000000     
   96075.000000000000     
   96050.000000000000     
   96025.000000000000     
   96000.000000000000     
   95975.000000000000     
   95950.000000000000     
   95925.000000000000     
   95900.000000000000     
   95875.000000000000     
   95850.000000000000     
   95825.000000000000     
   95800.000000000000     
   95775.000000000000     
   95750.000000000000     
   95725.000000000000     
   95700.000000000000     
   95675.000000000000     
   95650.000000000000     
   95625.000000000000     
   95600.000000000000     
   95575.000000000000     
   95550.000000000000     
   95525.000000000000     
   95500.000000000000     
   95475.000000000000     
   95450.000000000000     
   95425.000000000000     
   95400.000000000000     
   95375.000000000000     
   95350.000000000000     
   95325.000000000000     
   95300.000000000000     
   95275.000000000000     
   95250.000000000000     
   95225.000000000000     
   95200.000000000000     
   95175.000000000000     
   95150.000000000000     
   95125.000000000000     
   95100.000000000000     
   95075.000000000000     
   95050.000000000000     
   95025.000000000000     
   95000.000000000000     
   94975.000000000000     
   94950.000000000000     
   94925.000000000000     
   94900.000000000000     
   94875.000000000000     
   94850.000000000000     
   94825.000000000000     
   94800.000000000000     
   94775.000000000000     
   94750.000000000000     
   94725.000000000000     
   94700.000000000000     
   94675.000000000000     
   94650.000000000000     
   94625.000000000000     
   94600.000000000000     
   94575.000000000000     
   94550.000000000000     
   94525.000000000000     
   94500.000000000000     
   94475.000000000000     
   94450.000000000000     
   94425.000000000000     
   94400.000000000000     
   94375.000000000000     
   94350.000000000000     
   94325.000000000000     
   94300.000000000000     
   94275.000000000000     
   94250.000000000000     
   94225.000000000000     
   94200.000000000000     
   94175.000000000000     
   94150.000000000000     
   94125.000000000000     
   94100.000000000000     
   94075.000000000000     
   94050.000000000000     
   94025.000000000000     
   94000.000000000000     
   93975.000000000000     
   93950.000000000000     
   93925.000000000000     
   93900.000000000000     
   93875.000000000000     
   93850.000000000000     
   93825.000000000000     
   93800.000000000000     
   93775.000000000000     
   93750.000000000000     
   93725.000000000000     
   93700.000000000000     
   93675.000000000000     
   93650.000000000000     
   93625.000000000000     
   93600.000000000000     
   93575.000000000000     
   93550.000000000000     
   93525.000000000000     
   93500.000000000000     
   93475.000000000000     
   93450.000000000000     
   93425.000000000000     
   93400.000000000000     
   93375.000000000000     
   93350.000000000000     
   93325.000000000000     
   93300.000000000000     
   93275.000000000000     
   93250.000000000000     
   93225.000000000000     
   93200.000000000000     
   93175.000000000000     
   93150.000000000000     
   93125.000000000000     
   93100.000000000000     
   93075.000000000000     
   93050.000000000000     
   93025.000000000000     
   93000.000000000000     
   92975.000000000000     
   92950.000000000000     
   92925.000000000000     
   92900.000000000000     
   92875.000000000000     
   92850.000000000000     
   92825.000000000000     
   92800.000000000000     
   92775.000000000000     
   92750.000000000000     
   92725.000000000000     
   92700.000000000000     
   92675.000000000000     
   92650.000000000000     
   92625.000000000000     
   92600.000000000000     
   92575.000000000000     
   92550.000000000000     
   92525.000000000000     
   92500.000000000000     
   92475.000000000000     
   92450.000000000000     
   92425.000000000000     
   92400.000000000000     
   92375.000000000000     
   92350.000000000000     
   92325.000000000000     
   92300.000000000000     
   92275.000000000000     
   92250.000000000000     
   92225.000000000000     
   92200.000000000000     
   92175.000000000000     
   92150.000000000000     
   92125.000000000000     
   92100.000000000000     
   92075.000000000000     
   92050.000000000000     
   92025.000000000000     
   92000.000000000000     
   91975.000000000000     
   91950.000000000000     
   91925.000000000000     
   91900.000000000000     
   91875.000000000000     
   91850.000000000000     
   91825.000000000000     
   91800.000000000000     
   91775.000000000000     
   91750.000000000000     
   91725.000000000000     
   91700.000000000000     
   91675.000000000000     
   91650.000000000000     
   91625.000000000000     
   91600.000000000000     
   91575.000000000000     
   91550.000000000000     
   91525.000000000000     
   91500.000000000000     
   91475.000000000000     
   91450.000000000000     
   91425.000000000000     
   91400.000000000000     
   91375.000000000000     
   91350.000000000000     
   91325.000000000000     
   91300.000000000000     
   91275.000000000000     
   91250.000000000000     
   91225.000000000000     
   91200.000000000000     
   91175.000000000000     
   91150.000000000000     
   91125.000000000000     
   91100.000000000000     
   91075.000000000000     
   91050.000000000000     
   91025.000000000000     
   91000.000000000000     
   90975.000000000000     
   90950.000000000000     
   90925.000000000000     
   90900.000000000000     
   90875.000000000000     
   90850.000000000000     
   90825.000000000000     
   90800.000000000000     
   90775.000000000000     
   90750.000000000000     
   90725.000000000000     
   90700.000000000000     
   90675.000000000000     
   90650.000000000000     
   90625.000000000000     
   90600.000000000000     
   90575.000000000000     
   90550.000000000000     
   90525.000000000000     
   90500.000000000000     
   90475.000000000000     
   90450.000000000000     
   90425.000000000000     
   90400.000000000000     
   90375.000000000000     
   90350.000000000000     
   90325.000000000000     
   90300.000000000000     
   90275.000000000000     
   90250.000000000000     
   90225.000000000000     
   90200.000000000000     
   90175.000000000000     
   90150.000000000000     
   90125.000000000000     
   90100.000000000000     
   90075.000000000000     
   90050.000000000000     
   90025.000000000000     
   90000.000000000000     
   89975.000000000000     
   89950.000000000000     
   89925.000000000000     
   89900.000000000000     
   89875.000000000000     
   89850.000000000000     
   89825.000000000000     
   89800.000000000000     
   89775.000000000000     
   89750.000000000000     
   89725.000000000000     
   89700.000000000000     
   89675.000000000000     
   89650.000000000000     
   89625.000000000000     
   89600.000000000000     
   89575.000000000000     
   89550.000000000000     
   89525.000000000000     
   89500.000000000000     
   89475.000000000000     
   89450.000000000000     
   89425.000000000000     
   89400.000000000000     
   89375.000000000000     
   89350.000000000000     
   89325.000000000000     
   89300.000000000000     
   89275.000000000000     
   89250.000000000000     
   89225.000000000000     
   89200.000000000000     
   89175.000000000000     
   89150.000000000000     
   89125.000000000000     
   89100.000000000000     
   89075.000000000000     
   89050.000000000000     
   89025.000000000000     
   89000.000000000000     
   88975.000000000000     
   88950.000000000000     
   88925.000000000000     
   88900.000000000000     
   88875.000000000000     
   88850.000000000000     
   88825.000000000000     
   88800.000000000000     
   88775.000000000000     
   88750.000000000000     
   88725.000000000000     
   88700.000000000000     
   88675.000000000000     
   88650.000000000000     
   88625.000000000000     
   88600.000000000000     
   88575.000000000000     
   88550.000000000000     
   88525.000000000000     
   88500.000000000000     
   88475.000000000000     
   88450.000000000000     
   88425.000000000000     
   88400.000000000000     
   88375.000000000000     
   88350.000000000000     
   88325.000000000000     
   88300.000000000000     
   88275.000000000000     
   88250.000000000000     
   88225.000000000000     
   88200.000000000000     
   88175.000000000000     
   88150.000000000000     
   88125.000000000000     
   88100.000000000000     
   88075.000000000000     
   88050.000000000000     
   88025.000000000000     
   88000.000000000000     
   87975.000000000000     
   87950.000000000000     
   87925.000000000000     
   87900.000000000000     
   87875.000000000000     
   87850.000000000000     
   87825.000000000000     
   87800.000000000000     
   87775.000000000000     
   87750.000000000000     
   87725.000000000000     
   87700.000000000000     
   87675.000000000000     
   87650.000000000000     
   87625.000000000000     
   87600.000000000000     
   87575.000000000000     
   87550.000000000000     
   87525.000000000000     
   87500.000000000000     
   87475.000000000000     
   87450.000000000000     
   87425.000000000000     
   87400.000000000000     
   87375.000000000000     
   87350.000000000000     
   87325.000000000000     
   87300.000000000000     
   87275.000000000000     
   87250.000000000000     
   87225.000000000000     
   87200.000000000000     
   87175.000000000000     
   87150.000000000000     
   87125.000000000000     
   87100.000000000000     
   87075.000000000000     
   87050.000000000000     
   87025.000000000000     
   87000.000000000000     
   86975.000000000000     
   86950.000000000000     
   86925.000000000000     
   86900.000000000000     
   86875.000000000000     
   86850.000000000000     
   86825.000000000000     
   86800.000000000000     
   86775.000000000000     
   86750.000000000000     
   86725.000000000000     
   86700.000000000000     
   86675.000000000000     
   86650.000000000000     
   86625.000000000000     
   86600.000000000000     
   86575.000000000000     
   86550.000000000000     
   86525.000000000000     
   86500.000000000000     
   86475.000000000000     
   86450.000000000000     
   86425.000000000000     
   86400.000000000000     
   86375.000000000000     
   86350.000000000000     
   86325.000000000000     
   86300.000000000000     
   86275.000000000000     
   86250.000000000000     
   86225.000000000000     
   86200.000000000000     
   86175.000000000000     
   86150.000000000000     
   86125.000000000000     
   86100.000000000000     
   86075.000000000000     
   86050.000000000000     
   86025.000000000000     
   86000.000000000000     
   85975.000000000000     
   85950.000000000000     
   85925.000000000000     
   85900.000000000000     
   85875.000000000000     
   85850.000000000000     
   85825.000000000000     
   85800.000000000000     
   85775.000000000000     
   85750.000000000000     
   85725.000000000000     
   85700.000000000000     
   85675.000000000000     
   85650.000000000000     
   85625.000000000000     
   85600.000000000000     
   85575.000000000000     
   85550.000000000000     
   85525.000000000000     
   85500.000000000000     
   85475.000000000000     
   85450.000000000000     
   85425.000000000000     
   85400.000000000000     
   85375.000000000000     
   85350.000000000000     
   85325.000000000000     
   85300.000000000000     
   85275.000000000000     
   85250.000000000000     
   85225.000000000000     
   85200.000000000000     
   85175.000000000000     
   85150.000000000000     
   85125.000000000000     
   85100.000000000000     
   85075.000000000000     
   85050.000000000000     
   85025.000000000000     
   85000.000000000000     
   84975.000000000000     
   84950.000000000000     
   84925.000000000000     
   84900.000000000000     
   84875.000000000000     
   84850.000000000000     
   84825.000000000000     
   84800.000000000000     
   84775.000000000000     
   84750.000000000000     
   84725.000000000000     
   84700.000000000000     
   84675.000000000000     
   84650.000000000000     
   84625.000000000000     
   84600.000000000000     
   84575.000000000000     
   84550.000000000000     
   84525.000000000000     
   84500.000000000000     
   84475.000000000000     
   84450.000000000000     
   84425.000000000000     
   84400.000000000000     
   84375.000000000000     
   84350.000000000000     
   84325.000000000000     
   84300.000000000000     
   84275.000000000000     
   84250.000000000000     
   84225.000000000000     
   84200.000000000000     
   84175.000000000000     
   84150.000000000000     
   84125.000000000000     
   84100.000000000000     
   84075.000000000000     
   84050.000000000000     
   84025.000000000000     
   84000.000000000000     
   83975.000000000000     
   83950.000000000000     
   83925.000000000000     
   83900.000000000000     
   83875.000000000000     
   83850.000000000000     
   83825.000000000000     
   83800.000000000000     
   83775.000000000000     
   83750.000000000000     
   83725.000000000000     
   83700.000000000000     
   83675.000000000000     
   83650.000000000000     
   83625.000000000000     
   83600.000000000000     
   83575.000000000000     
   83550.000000000000     
   83525.000000000000     
   83500.000000000000     
   83475.000000000000     
   83450.000000000000     
   83425.000000000000     
   83400.000000000000     
   83375.000000000000     
   83350.000000000000     
   83325.000000000000     
   83300.000000000000     
   83275.000000000000     
   83250.000000000000     
   83225.000000000000     
   83200.000000000000     
   83175.000000000000     
   83150.000000000000     
   83125.000000000000     
   83100.000000000000     
   83075.000000000000     
   83050.000000000000     
   83025.000000000000     
   83000.000000000000     
   82975.000000000000     
   82950.000000000000     
   82925.000000000000     
   82900.000000000000     
   82875.000000000000     
   82850.000000000000     
   82825.000000000000     
   82800.000000000000     
   82775.000000000000     
   82750.000000000000     
   82725.000000000000     
   82700.000000000000     
   82675.000000000000     
   82650.000000000000     
   82625.000000000000     
   82600.000000000000     
   82575.000000000000     
   82550.000000000000     
   82525.000000000000     
   82500.000000000000     
   82475.000000000000     
   82450.000000000000     
   82425.000000000000     
   82400.000000000000     
   82375.000000000000     
   82350.000000000000     
   82325.000000000000     
   82300.000000000000     
   82275.000000000000     
   82250.000000000000     
   82225.000000000000     
   82200.000000000000     
   82175.000000000000     
   82150.000000000000     
   82125.000000000000     
   82100.000000000000     
   82075.000000000000     
   82050.000000000000     
   82025.000000000000     
   82000.000000000000     
   81975.000000000000     
   81950.000000000000     
   81925.000000000000     
   81900.000000000000     
   81875.000000000000     
   81850.000000000000     
   81825.000000000000     
   81800.000000000000     
   81775.000000000000     
   81750.000000000000     
   81725.000000000000     
   81700.000000000000     
   81675.000000000000     
   81650.000000000000     
   81625.000000000000     
   81600.000000000000     
   81575.000000000000     
   81550.000000000000     
   81525.000000000000     
   81500.000000000000     
   81475.000000000000     
   81450.000000000000     
   81425.000000000000     
   81400.000000000000     
   81375.000000000000     
   81350.000000000000     
   81325.000000000000     
   81300.000000000000     
   81275.000000000000     
   81250.000000000000     
   81225.000000000000     
   81200.000000000000     
   81175.000000000000     
   81150.000000000000     
   81125.000000000000     
   81100.000000000000     
   81075.000000000000     
   81050.000000000000     
   81025.000000000000     
   81000.000000000000     
   80975.000000000000     
   80950.000000000000     
   80925.000000000000     
   80900.000000000000     
   80875.000000000000     
   80850.000000000000     
   80825.000000000000     
   80800.000000000000     
   80775.000000000000     
   80750.000000000000     
   80725.000000000000     
   80700.000000000000     
   80675.000000000000     
   80650.000000000000     
   80625.000000000000     
   80600.000000000000     
   80575.000000000000     
   80550.000000000000     
   80525.000000000000     
   80500.000000000000     
   80475.000000000000     
   80450.000000000000     
   80425.000000000000     
   80400.000000000000     
   80375.000000000000     
   80350.000000000000     
   80325.000000000000     
   80300.000000000000     
   80275.000000000000     
   80250.000000000000     
   80225.000000000000     
   80200.000000000000     
   80175.000000000000     
   80150.000000000000     
   80125.000000000000     
   80100.000000000000     
   80075.000000000000     
   80050.000000000000     
   80025.000000000000     
   80000.000000000000     
   79975.000000000000     
   79950.000000000000     
   79925.000000000000     
   79900.000000000000     
   79875.000000000000     
   79850.000000000000     
   79825.000000000000     
   79800.000000000000     
   79775.000000000000     
   79750.000000000000     
   79725.000000000000     
   79700.000000000000     
   79675.000000000000     
   79650.000000000000     
   79625.000000000000     
   79600.000000000000     
   79575.000000000000     
   79550.000000000000     
   79525.000000000000     
   79500.000000000000     
   79475.000000000000     
   79450.000000000000     
   79425.000000000000     
   79400.000000000000     
   79375.000000000000     
   79350.000000000000     
   79325.000000000000     
   79300.000000000000     
   79275.000000000000     
   79250.000000000000     
   79225.000000000000     
   79200.000000000000     
   79175.000000000000     
   79150.000000000000     
   79125.000000000000     
   79100.000000000000     
   79075.000000000000     
   79050.000000000000     
   79025.000000000000     
   79000.000000000000     
   78975.000000000000     
   78950.000000000000     
   78925.000000000000     
   78900.000000000000     
   78875.000000000000     
   78850.000000000000     
   78825.000000000000     
   78800.000000000000     
   78775.000000000000     
   78750.000000000000     
   78725.000000000000     
   78700.000000000000     
   78675.000000000000     
   78650.000000000000     
   78625.000000000000     
   78600.000000000000     
   78575.000000000000     
   78550.000000000000     
   78525.000000000000     
   78500.000000000000     
   78475.000000000000     
   78450.000000000000     
   78425.000000000000     
   78400.000000000000     
   78375.000000000000     
   78350.000000000000     
   78325.000000000000     
   78300.000000000000     
   78275.000000000000     
   78250.000000000000     
   78225.000000000000     
   78200.000000000000     
   78175.000000000000     
   78150.000000000000     
   78125.000000000000     
   78100.000000000000     
   78075.000000000000     
   78050.000000000000     
   78025.000000000000     
   78000.000000000000     
   77975.000000000000     
   77950.000000000000     
   77925.000000000000     
   77900.000000000000     
   77875.000000000000     
   77850.000000000000     
   77825.000000000000     
   77800.000000000000     
   77775.000000000000     
   77750.000000000000     
   77725.000000000000     
   77700.000000000000     
   77675.000000000000     
   77650.000000000000     
   77625.000000000000     
   77600.000000000000     
   77575.000000000000     
   77550.000000000000     
   77525.000000000000     
   77500.000000000000     
   77475.000000000000     
   77450.000000000000     
   77425.000000000000     
   77400.000000000000     
   77375.000000000000     
   77350.000000000000     
   77325.000000000000     
   77300.000000000000     
   77275.000000000000     
   77250.000000000000     
   77225.000000000000     
   77200.000000000000     
   77175.000000000000     
   77150.000000000000     
   77125.000000000000     
   77100.000000000000     
   77075.000000000000     
   77050.000000000000     
   77025.000000000000     
   77000.000000000000     
   76975.000000000000     
   76950.000000000000     
   76925.000000000000     
   76900.000000000000     
   76875.000000000000     
   76850.000000000000     
   76825.000000000000     
   76800.000000000000     
   76775.000000000000     
   76750.000000000000     
   76725.000000000000     
   76700.000000000000     
   76675.000000000000     
   76650.000000000000     
   76625.000000000000     
   76600.000000000000     
   76575.000000000000     
   76550.000000000000     
   76525.000000000000     
   76500.000000000000     
   76475.000000000000     
   76450.000000000000     
   76425.000000000000     
   76400.000000000000     
   76375.000000000000     
   76350.000000000000     
   76325.000000000000     
   76300.000000000000     
   76275.000000000000     
   76250.000000000000     
   76225.000000000000     
   76200.000000000000     
   76175.000000000000     
   76150.000000000000     
   76125.000000000000     
   76100.000000000000     
   76075.000000000000     
   76050.000000000000     
   76025.000000000000     
   76000.000000000000     
   75975.000000000000     
   75950.000000000000     
   75925.000000000000     
   75900.000000000000     
   75875.000000000000     
   75850.000000000000     
   75825.000000000000     
   75800.000000000000     
   75775.000000000000     
   75750.000000000000     
   75725.000000000000     
   75700.000000000000     
   75675.000000000000     
   75650.000000000000     
   75625.000000000000     
   75600.000000000000     
   75575.000000000000     
   75550.000000000000     
   75525.000000000000     
   75500.000000000000     
   75475.000000000000     
   75450.000000000000     
   75425.000000000000     
   75400.000000000000     
   75375.000000000000     
   75350.000000000000     
   75325.000000000000     
   75300.000000000000     
   75275.000000000000     
   75250.000000000000     
   75225.000000000000     
   75200.000000000000     
   75175.000000000000     
   75150.000000000000     
   75125.000000000000     
   75100.000000000000     
   75075.000000000000     
   75050.000000000000     
   75025.000000000000     
   75000.000000000000     
   74975.000000000000     
   74950.000000000000     
   74925.000000000000     
   74900.000000000000     
   74875.000000000000     
   74850.000000000000     
   74825.000000000000     
   74800.000000000000     
   74775.000000000000     
   74750.000000000000     
   74725.000000000000     
   74700.000000000000     
   74675.000000000000     
   74650.000000000000     
   74625.000000000000     
   74600.000000000000     
   74575.000000000000     
   74550.000000000000     
   74525.000000000000     
   74500.000000000000     
   74475.000000000000     
   74450.000000000000     
   74425.000000000000     
   74400.000000000000     
   74375.000000000000     
   74350.000000000000     
   74325.000000000000     
   74300.000000000000     
   74275.000000000000     
   74250.000000000000     
   74225.000000000000     
   74200.000000000000     
   74175.000000000000     
   74150.000000000000     
   74125.000000000000     
   74100.000000000000     
   74075.000000000000     
   74050.000000000000     
   74025.000000000000     
   74000.000000000000     
   73975.000000000000     
   73950.000000000000     
   73925.000000000000     
   73900.000000000000     
   73875.000000000000     
   73850.000000000000     
   73825.000000000000     
   73800.000000000000     
   73775.000000000000     
   73750.000000000000     
   73725.000000000000     
   73700.000000000000     
   73675.000000000000     
   73650.000000000000     
   73625.000000000000     
   73600.000000000000     
   73575.000000000000     
   73550.000000000000     
   73525.000000000000     
   73500.000000000000     
   73475.000000000000     
   73450.000000000000     
   73425.000000000000     
   73400.000000000000     
   73375.000000000000     
   73350.000000000000     
   73325.000000000000     
   73300.000000000000     
   73275.000000000000     
   73250.000000000000     
   73225.000000000000     
   73200.000000000000     
   73175.000000000000     
   73150.000000000000     
   73125.000000000000     
   73100.000000000000     
   73075.000000000000     
   73050.000000000000     
   73025.000000000000     
   73000.000000000000     
   72975.000000000000     
   72950.000000000000     
   72925.000000000000     
   72900.000000000000     
   72875.000000000000     
   72850.000000000000     
   72825.000000000000     
   72800.000000000000     
   72775.000000000000     
   72750.000000000000     
   72725.000000000000     
   72700.000000000000     
   72675.000000000000     
   72650.000000000000     
   72625.000000000000     
   72600.000000000000     
   72575.000000000000     
   72550.000000000000     
   72525.000000000000     
   72500.000000000000     
   72475.000000000000     
   72450.000000000000     
   72425.000000000000     
   72400.000000000000     
   72375.000000000000     
   72350.000000000000     
   72325.000000000000     
   72300.000000000000     
   72275.000000000000     
   72250.000000000000     
   72225.000000000000     
   72200.000000000000     
   72175.000000000000     
   72150.000000000000     
   72125.000000000000     
   72100.000000000000     
   72075.000000000000     
   72050.000000000000     
   72025.000000000000     
   72000.000000000000     
   71975.000000000000     
   71950.000000000000     
   71925.000000000000     
   71900.000000000000     
   71875.000000000000     
   71850.000000000000     
   71825.000000000000     
   71800.000000000000     
   71775.000000000000     
   71750.000000000000     
   71725.000000000000     
   71700.000000000000     
   71675.000000000000     
   71650.000000000000     
   71625.000000000000     
   71600.000000000000     
   71575.000000000000     
   71550.000000000000     
   71525.000000000000     
   71500.000000000000     
   71475.000000000000     
   71450.000000000000     
   71425.000000000000     
   71400.000000000000     
   71375.000000000000     
   71350.000000000000     
   71325.000000000000     
   71300.000000000000     
   71275.000000000000     
   71250.000000000000     
   71225.000000000000     
   71200.000000000000     
   71175.000000000000     
   71150.000000000000     
   71125.000000000000     
   71100.000000000000     
   71075.000000000000     
   71050.000000000000     
   71025.000000000000     
   71000.000000000000     
   70975.000000000000     
   70950.000000000000     
   70925.000000000000     
   70900.000000000000     
   70875.000000000000     
   70850.000000000000     
   70825.000000000000     
   70800.000000000000     
   70775.000000000000     
   70750.000000000000     
   70725.000000000000     
   70700.000000000000     
   70675.000000000000     
   70650.000000000000     
   70625.000000000000     
   70600.000000000000     
   70575.000000000000     
   70550.000000000000     
   70525.000000000000     
   70500.000000000000     
   70475.000000000000     
   70450.000000000000     
   70425.000000000000     
   70400.000000000000     
   70375.000000000000     
   70350.000000000000     
   70325.000000000000     
   70300.000000000000     
   70275.000000000000     
   70250.000000000000     
   70225.000000000000     
   70200.000000000000     
   70175.000000000000     
   70150.000000000000     
   70125.000000000000     
   70100.000000000000     
   70075.000000000000     
   70050.000000000000     
   70025.000000000000     
   70000.000000000000     
   69975.000000000000     
   69950.000000000000     
   69925.000000000000     
   69900.000000000000     
   69875.000000000000     
   69850.000000000000     
   69825.000000000000     
   69800.000000000000     
   69775.000000000000     
   69750.000000000000     
   69725.000000000000     
   69700.000000000000     
   69675.000000000000     
   69650.000000000000     
   69625.000000000000     
   69600.000000000000     
   69575.000000000000     
   69550.000000000000     
   69525.000000000000     
   69500.000000000000     
   69475.000000000000     
   69450.000000000000     
   69425.000000000000     
   69400.000000000000     
   69375.000000000000     
   69350.000000000000     
   69325.000000000000     
   69300.000000000000     
   69275.000000000000     
   69250.000000000000     
   69225.000000000000     
   69200.000000000000     
   69175.000000000000     
   69150.000000000000     
   69125.000000000000     
   69100.000000000000     
   69075.000000000000     
   69050.000000000000     
   69025.000000000000     
   69000.000000000000     
   68975.000000000000     
   68950.000000000000     
   68925.000000000000     
   68900.000000000000     
   68875.000000000000     
   68850.000000000000     
   68825.000000000000     
   68800.000000000000     
   68775.000000000000     
   68750.000000000000     
   68725.000000000000     
   68700.000000000000     
   68675.000000000000     
   68650.000000000000     
   68625.000000000000     
   68600.000000000000     
   68575.000000000000     
   68550.000000000000     
   68525.000000000000     
   68500.000000000000     
   68475.000000000000     
   68450.000000000000     
   68425.000000000000     
   68400.000000000000     
   68375.000000000000     
   68350.000000000000     
   68325.000000000000     
   68300.000000000000     
   68275.000000000000     
   68250.000000000000     
   68225.000000000000     
   68200.000000000000     
   68175.000000000000     
   68150.000000000000     
   68125.000000000000     
   68100.000000000000     
   68075.000000000000     
   68050.000000000000     
   68025.000000000000     
   68000.000000000000     
   67975.000000000000     
   67950.000000000000     
   67925.000000000000     
   67900.000000000000     
   67875.000000000000     
   67850.000000000000     
   67825.000000000000     
   67800.000000000000     
   67775.000000000000     
   67750.000000000000     
   67725.000000000000     
   67700.000000000000     
   67675.000000000000     
   67650.000000000000     
   67625.000000000000     
   67600.000000000000     
   67575.000000000000     
   67550.000000000000     
   67525.000000000000     
   67500.000000000000     
   67475.000000000000     
   67450.000000000000     
   67425.000000000000     
   67400.000000000000     
   67375.000000000000     
   67350.000000000000     
   67325.000000000000     
   67300.000000000000     
   67275.000000000000     
   67250.000000000000     
   67225.000000000000     
   67200.000000000000     
   67175.000000000000     
   67150.000000000000     
   67125.000000000000     
   67100.000000000000     
   67075.000000000000     
   67050.000000000000     
   67025.000000000000     
   67000.000000000000     
   66975.000000000000     
   66950.000000000000     
   66925.000000000000     
   66900.000000000000     
   66875.000000000000     
   66850.000000000000     
   66825.000000000000     
   66800.000000000000     
   66775.000000000000     
   66750.000000000000     
   66725.000000000000     
   66700.000000000000     
   66675.000000000000     
   66650.000000000000     
   66625.000000000000     
   66600.000000000000     
   66575.000000000000     
   66550.000000000000     
   66525.000000000000     
   66500.000000000000     
   66475.000000000000     
   66450.000000000000     
   66425.000000000000     
   66400.000000000000     
   66375.000000000000     
   66350.000000000000     
   66325.000000000000     
   66300.000000000000     
   66275.000000000000     
   66250.000000000000     
   66225.000000000000     
   66200.000000000000     
   66175.000000000000     
   66150.000000000000     
   66125.000000000000     
   66100.000000000000     
   66075.000000000000     
   66050.000000000000     
   66025.000000000000     
   66000.000000000000     
   65975.000000000000     
   65950.000000000000     
   65925.000000000000     
   65900.000000000000     
   65875.000000000000     
   65850.000000000000     
   65825.000000000000     
   65800.000000000000     
   65775.000000000000     
   65750.000000000000     
   65725.000000000000     
   65700.000000000000     
   65675.000000000000     
   65650.000000000000     
   65625.000000000000     
   65600.000000000000     
   65575.000000000000     
   65550.000000000000     
   65525.000000000000     
   65500.000000000000     
   65475.000000000000     
   65450.000000000000     
   65425.000000000000     
   65400.000000000000     
   65375.000000000000     
   65350.000000000000     
   65325.000000000000     
   65300.000000000000     
   65275.000000000000     
   65250.000000000000     
   65225.000000000000     
   65200.000000000000     
   65175.000000000000     
   65150.000000000000     
   65125.000000000000     
   65100.000000000000     
   65075.000000000000     
   65050.000000000000     
   65025.000000000000     
   65000.000000000000     
   64975.000000000000     
   64950.000000000000     
   64925.000000000000     
   64900.000000000000     
   64875.000000000000     
   64850.000000000000     
   64825.000000000000     
   64800.000000000000     
   64775.000000000000     
   64750.000000000000     
   64725.000000000000     
   64700.000000000000     
   64675.000000000000     
   64650.000000000000     
   64625.000000000000     
   64600.000000000000     
   64575.000000000000     
   64550.000000000000     
   64525.000000000000     
   64500.000000000000     
   64475.000000000000     
   64450.000000000000     
   64425.000000000000     
   64400.000000000000     
   64375.000000000000     
   64350.000000000000     
   64325.000000000000     
   64300.000000000000     
   64275.000000000000     
   64250.000000000000     
   64225.000000000000     
   64200.000000000000     
   64175.000000000000     
   64150.000000000000     
   64125.000000000000     
   64100.000000000000     
   64075.000000000000     
   64050.000000000000     
   64025.000000000000     
   64000.000000000000     
   63975.000000000000     
   63950.000000000000     
   63925.000000000000     
   63900.000000000000     
   63875.000000000000     
   63850.000000000000     
   63825.000000000000     
   63800.000000000000     
   63775.000000000000     
   63750.000000000000     
   63725.000000000000     
   63700.000000000000     
   63675.000000000000     
   63650.000000000000     
   63625.000000000000     
   63600.000000000000     
   63575.000000000000     
   63550.000000000000     
   63525.000000000000     
   63500.000000000000     
   63475.000000000000     
   63450.000000000000     
   63425.000000000000     
   63400.000000000000     
   63375.000000000000     
   63350.000000000000     
   63325.000000000000     
   63300.000000000000     
   63275.000000000000     
   63250.000000000000     
   63225.000000000000     
   63200.000000000000     
   63175.000000000000     
   63150.000000000000     
   63125.000000000000     
   63100.000000000000     
   63075.000000000000     
   63050.000000000000     
   63025.000000000000     
   63000.000000000000     
   62975.000000000000     
   62950.000000000000     
   62925.000000000000     
   62900.000000000000     
   62875.000000000000     
   62850.000000000000     
   62825.000000000000     
   62800.000000000000     
   62775.000000000000     
   62750.000000000000     
   62725.000000000000     
   62700.000000000000     
   62675.000000000000     
   62650.000000000000     
   62625.000000000000     
   62600.000000000000     
   62575.000000000000     
   62550.000000000000     
   62525.000000000000     
   62500.000000000000     
   62475.000000000000     
   62450.000000000000     
   62425.000000000000     
   62400.000000000000     
   62375.000000000000     
   62350.000000000000     
   62325.000000000000     
   62300.000000000000     
   62275.000000000000     
   62250.000000000000     
   62225.000000000000     
   62200.000000000000     
   62175.000000000000     
   62150.000000000000     
   62125.000000000000     
   62100.000000000000     
   62075.000000000000     
   62050.000000000000     
   62025.000000000000     
   62000.000000000000     
   61975.000000000000     
   61950.000000000000     
   61925.000000000000     
   61900.000000000000     
   61875.000000000000     
   61850.000000000000     
   61825.000000000000     
   61800.000000000000     
   61775.000000000000     
   61750.000000000000     
   61725.000000000000     
   61700.000000000000     
   61675.000000000000     
   61650.000000000000     
   61625.000000000000     
   61600.000000000000     
   61575.000000000000     
   61550.000000000000     
   61525.000000000000     
   61500.000000000000     
   61475.000000000000     
   61450.000000000000     
   61425.000000000000     
   61400.000000000000     
   61375.000000000000     
   61350.000000000000     
   61325.000000000000     
   61300.000000000000     
   61275.000000000000     
   61250.000000000000     
   61225.000000000000     
   61200.000000000000     
   61175.000000000000     
   61150.000000000000     
   61125.000000000000     
   61100.000000000000     
   61075.000000000000     
   61050.000000000000     
   61025.000000000000     
   61000.000000000000     
   60975.000000000000     
   60950.000000000000     
   60925.000000000000     
   60900.000000000000     
   60875.000000000000     
   60850.000000000000     
   60825.000000000000     
   60800.000000000000     
   60775.000000000000     
   60750.000000000000     
   60725.000000000000     
   60700.000000000000     
   60675.000000000000     
   60650.000000000000     
   60625.000000000000     
   60600.000000000000     
   60575.000000000000     
   60550.000000000000     
   60525.000000000000     
   60500.000000000000     
   60475.000000000000     
   60450.000000000000     
   60425.000000000000     
   60400.000000000000     
   60375.000000000000     
   60350.000000000000     
   60325.000000000000     
   60300.000000000000     
   60275.000000000000     
   60250.000000000000     
   60225.000000000000     
   60200.000000000000     
   60175.000000000000     
   60150.000000000000     
   60125.000000000000     
   60100.000000000000     
   60075.000000000000     
   60050.000000000000     
   60025.000000000000     
   60000.000000000000     
   59975.000000000000     
   59950.000000000000     
   59925.000000000000     
   59900.000000000000     
   59875.000000000000     
   59850.000000000000     
   59825.000000000000     
   59800.000000000000     
   59775.000000000000     
   59750.000000000000     
   59725.000000000000     
   59700.000000000000     
   59675.000000000000     
   59650.000000000000     
   59625.000000000000     
   59600.000000000000     
   59575.000000000000     
   59550.000000000000     
   59525.000000000000     
   59500.000000000000     
   59475.000000000000     
   59450.000000000000     
   59425.000000000000     
   59400.000000000000     
   59375.000000000000     
   59350.000000000000     
   59325.000000000000     
   59300.000000000000     
   59275.000000000000     
   59250.000000000000     
   59225.000000000000     
   59200.000000000000     
   59175.000000000000     
   59150.000000000000     
   59125.000000000000     
   59100.000000000000     
   59075.000000000000     
   59050.000000000000     
   59025.000000000000     
   59000.000000000000     
   58975.000000000000     
   58950.000000000000     
   58925.000000000000     
   58900.000000000000     
   58875.000000000000     
   58850.000000000000     
   58825.000000000000     
   58800.000000000000     
   58775.000000000000     
   58750.000000000000     
   58725.000000000000     
   58700.000000000000     
   58675.000000000000     
   58650.000000000000     
   58625.000000000000     
   58600.000000000000     
   58575.000000000000     
   58550.000000000000     
   58525.000000000000     
   58500.000000000000     
   58475.000000000000     
   58450.000000000000     
   58425.000000000000     
   58400.000000000000     
   58375.000000000000     
   58350.000000000000     
   58325.000000000000     
   58300.000000000000     
   58275.000000000000     
   58250.000000000000     
   58225.000000000000     
   58200.000000000000     
   58175.000000000000     
   58150.000000000000     
   58125.000000000000     
   58100.000000000000     
   58075.000000000000     
   58050.000000000000     
   58025.000000000000     
   58000.000000000000     
   57975.000000000000     
   57950.000000000000     
   57925.000000000000     
   57900.000000000000     
   57875.000000000000     
   57850.000000000000     
   57825.000000000000     
   57800.000000000000     
   57775.000000000000     
   57750.000000000000     
   57725.000000000000     
   57700.000000000000     
   57675.000000000000     
   57650.000000000000     
   57625.000000000000     
   57600.000000000000     
   57575.000000000000     
   57550.000000000000     
   57525.000000000000     
   57500.000000000000     
   57475.000000000000     
   57450.000000000000     
   57425.000000000000     
   57400.000000000000     
   57375.000000000000     
   57350.000000000000     
   57325.000000000000     
   57300.000000000000     
   57275.000000000000     
   57250.000000000000     
   57225.000000000000     
   57200.000000000000     
   57175.000000000000     
   57150.000000000000     
   57125.000000000000     
   57100.000000000000     
   57075.000000000000     
   57050.000000000000     
   57025.000000000000     
   57000.000000000000     
   56975.000000000000     
   56950.000000000000     
   56925.000000000000     
   56900.000000000000     
   56875.000000000000     
   56850.000000000000     
   56825.000000000000     
   56800.000000000000     
   56775.000000000000     
   56750.000000000000     
   56725.000000000000     
   56700.000000000000     
   56675.000000000000     
   56650.000000000000     
   56625.000000000000     
   56600.000000000000     
   56575.000000000000     
   56550.000000000000     
   56525.000000000000     
   56500.000000000000     
   56475.000000000000     
   56450.000000000000     
   56425.000000000000     
   56400.000000000000     
   56375.000000000000     
   56350.000000000000     
   56325.000000000000     
   56300.000000000000     
   56275.000000000000     
   56250.000000000000     
   56225.000000000000     
   56200.000000000000     
   56175.000000000000     
   56150.000000000000     
   56125.000000000000     
   56100.000000000000     
   56075.000000000000     
   56050.000000000000     
   56025.000000000000     
   56000.000000000000     
   55975.000000000000     
   55950.000000000000     
   55925.000000000000     
   55900.000000000000     
   55875.000000000000     
   55850.000000000000     
   55825.000000000000     
   55800.000000000000     
   55775.000000000000     
   55750.000000000000     
   55725.000000000000     
   55700.000000000000     
   55675.000000000000     
   55650.000000000000     
   55625.000000000000     
   55600.000000000000     
   55575.000000000000     
   55550.000000000000     
   55525.000000000000     
   55500.000000000000     
   55475.000000000000     
   55450.000000000000     
   55425.000000000000     
   55400.000000000000     
   55375.000000000000     
   55350.000000000000     
   55325.000000000000     
   55300.000000000000     
   55275.000000000000     
   55250.000000000000     
   55225.000000000000     
   55200.000000000000     
   55175.000000000000     
   55150.000000000000     
   55125.000000000000     
   55100.000000000000     
   55075.000000000000     
   55050.000000000000     
   55025.000000000000     
   55000.000000000000     
   54975.000000000000     
   54950.000000000000     
   54925.000000000000     
   54900.000000000000     
   54875.000000000000     
   54850.000000000000     
   54825.000000000000     
   54800.000000000000     
   54775.000000000000     
   54750.000000000000     
   54725.000000000000     
   54700.000000000000     
   54675.000000000000     
   54650.000000000000     
   54625.000000000000     
   54600.000000000000     
   54575.000000000000     
   54550.000000000000     
   54525.000000000000     
   54500.000000000000     
   54475.000000000000     
   54450.000000000000     
   54425.000000000000     
   54400.000000000000     
   54375.000000000000     
   54350.000000000000     
   54325.000000000000     
   54300.000000000000     
   54275.000000000000     
   54250.000000000000     
   54225.000000000000     
   54200.000000000000     
   54175.000000000000     
   54150.000000000000     
   54125.000000000000     
   54100.000000000000     
   54075.000000000000     
   54050.000000000000     
   54025.000000000000     
   54000.000000000000     
   53975.000000000000     
   53950.000000000000     
   53925.000000000000     
   53900.000000000000     
   53875.000000000000     
   53850.000000000000     
   53825.000000000000     
   53800.000000000000     
   53775.000000000000     
   53750.000000000000     
   53725.000000000000     
   53700.000000000000     
   53675.000000000000     
   53650.000000000000     
   53625.000000000000     
   53600.000000000000     
   53575.000000000000     
   53550.000000000000     
   53525.000000000000     
   53500.000000000000     
   53475.000000000000     
   53450.000000000000     
   53425.000000000000     
   53400.000000000000     
   53375.000000000000     
   53350.000000000000     
   53325.000000000000     
   53300.000000000000     
   53275.000000000000     
   53250.000000000000     
   53225.000000000000     
   53200.000000000000     
   53175.000000000000     
   53150.000000000000     
   53125.000000000000     
   53100.000000000000     
   53075.000000000000     
   53050.000000000000     
   53025.000000000000     
   53000.000000000000     
   52975.000000000000     
   52950.000000000000     
   52925.000000000000     
   52900.000000000000     
   52875.000000000000     
   52850.000000000000     
   52825.000000000000     
   52800.000000000000     
   52775.000000000000     
   52750.000000000000     
   52725.000000000000     
   52700.000000000000     
   52675.000000000000     
   52650.000000000000     
   52625.000000000000     
   52600.000000000000     
   52575.000000000000     
   52550.000000000000     
   52525.000000000000     
   52500.000000000000     
   52475.000000000000     
   52450.000000000000     
   52425.000000000000     
   52400.000000000000     
   52375.000000000000     
   52350.000000000000     
   52325.000000000000     
   52300.000000000000     
   52275.000000000000     
   52250.000000000000     
   52225.000000000000     
   52200.000000000000     
   52175.000000000000     
   52150.000000000000     
   52125.000000000000     
   52100.000000000000     
   52075.000000000000     
   52050.000000000000     
   52025.000000000000     
   52000.000000000000     
   51975.000000000000     
   51950.000000000000     
   51925.000000000000     
   51900.000000000000     
   51875.000000000000     
   51850.000000000000     
   51825.000000000000     
   51800.000000000000     
   51775.000000000000     
   51750.000000000000     
   51725.000000000000     
   51700.000000000000     
   51675.000000000000     
   51650.000000000000     
   51625.000000000000     
   51600.000000000000     
   51575.000000000000     
   51550.000000000000     
   51525.000000000000     
   51500.000000000000     
   51475.000000000000     
   51450.000000000000     
   51425.000000000000     
   51400.000000000000     
   51375.000000000000     
   51350.000000000000     
   51325.000000000000     
   51300.000000000000     
   51275.000000000000     
   51250.000000000000     
   51225.000000000000     
   51200.000000000000     
   51175.000000000000     
   51150.000000000000     
   51125.000000000000     
   51100.000000000000     
   51075.000000000000     
   51050.000000000000     
   51025.000000000000     
   51000.000000000000     
   50975.000000000000     
   50950.000000000000     
   50925.000000000000     
   50900.000000000000     
   50875.000000000000     
   50850.000000000000     
   50825.000000000000     
   50800.000000000000     
   50775.000000000000     
   50750.000000000000     
   50725.000000000000     
   50700.000000000000     
   50675.000000000000     
   50650.000000000000     
   50625.000000000000     
   50600.000000000000     
   50575.000000000000     
   50550.000000000000     
   50525.000000000000     
   50500.000000000000     
   50475.000000000000     
   50450.000000000000     
   50425.000000000000     
   50400.000000000000     
   50375.000000000000     
   50350.000000000000     
   50325.000000000000     
   50300.000000000000     
   50275.000000000000     
   50250.000000000000     
   50225.000000000000     
   50200.000000000000     
   50175.000000000000     
   50150.000000000000     
   50125.000000000000     
   50100.000000000000     
   50075.000000000000     
   50050.000000000000     
   50025.000000000000     
   50000.000000000000     
   49975.000000000000     
   49950.000000000000     
   49925.000000000000     
   49900.000000000000     
   49875.000000000000     
   49850.000000000000     
   49825.000000000000     
   49800.000000000000     
   49775.000000000000     
   49750.000000000000     
   49725.000000000000     
   49700.000000000000     
   49675.000000000000     
   49650.000000000000     
   49625.000000000000     
   49600.000000000000     
   49575.000000000000     
   49550.000000000000     
   49525.000000000000     
   49500.000000000000     
   49475.000000000000     
   49450.000000000000     
   49425.000000000000     
   49400.000000000000     
   49375.000000000000     
   49350.000000000000     
   49325.000000000000     
   49300.000000000000     
   49275.000000000000     
   49250.000000000000     
   49225.000000000000     
   49200.000000000000     
   49175.000000000000     
   49150.000000000000     
   49125.000000000000     
   49100.000000000000     
   49075.000000000000     
   49050.000000000000     
   49025.000000000000     
   49000.000000000000     
   48975.000000000000     
   48950.000000000000     
   48925.000000000000     
   48900.000000000000     
   48875.000000000000     
   48850.000000000000     
   48825.000000000000     
   48800.000000000000     
   48775.000000000000     
   48750.000000000000     
   48725.000000000000     
   48700.000000000000     
   48675.000000000000     
   48650.000000000000     
   48625.000000000000     
   48600.000000000000     
   48575.000000000000     
   48550.000000000000     
   48525.000000000000     
   48500.000000000000     
   48475.000000000000     
   48450.000000000000     
   48425.000000000000     
   48400.000000000000     
   48375.000000000000     
   48350.000000000000     
   48325.000000000000     
   48300.000000000000     
   48275.000000000000     
   48250.000000000000     
   48225.000000000000     
   48200.000000000000     
   48175.000000000000     
   48150.000000000000     
   48125.000000000000     
   48100.000000000000     
   48075.000000000000     
   48050.000000000000     
   48025.000000000000     
   48000.000000000000     
   47975.000000000000     
   47950.000000000000     
   47925.000000000000     
   47900.000000000000     
   47875.000000000000     
   47850.000000000000     
   47825.000000000000     
   47800.000000000000     
   47775.000000000000     
   47750.000000000000     
   47725.000000000000     
   47700.000000000000     
   47675.000000000000     
   47650.000000000000     
   47625.000000000000     
   47600.000000000000     
   47575.000000000000     
   47550.000000000000     
   47525.000000000000     
   47500.000000000000     
   47475.000000000000     
   47450.000000000000     
   47425.000000000000     
   47400.000000000000     
   47375.000000000000     
   47350.000000000000     
   47325.000000000000     
   47300.000000000000     
   47275.000000000000     
   47250.000000000000     
   47225.000000000000     
   47200.000000000000     
   47175.000000000000     
   47150.000000000000     
   47125.000000000000     
   47100.000000000000     
   47075.000000000000     
   47050.000000000000     
   47025.000000000000     
   47000.000000000000     
   46975.000000000000     
   46950.000000000000     
   46925.000000000000     
   46900.000000000000     
   46875.000000000000     
   46850.000000000000     
   46825.000000000000     
   46800.000000000000     
   46775.000000000000     
   46750.000000000000     
   46725.000000000000     
   46700.000000000000     
   46675.000000000000     
   46650.000000000000     
   46625.000000000000     
   46600.000000000000     
   46575.000000000000     
   46550.000000000000     
   46525.000000000000     
   46500.000000000000     
   46475.000000000000     
   46450.000000000000     
   46425.000000000000     
   46400.000000000000     
   46375.000000000000     
   46350.000000000000     
   46325.000000000000     
   46300.000000000000     
   46275.000000000000     
   46250.000000000000     
   46225.000000000000     
   46200.000000000000     
   46175.000000000000     
   46150.000000000000     
   46125.000000000000     
   46100.000000000000     
   46075.000000000000     
   46050.000000000000     
   46025.000000000000     
   46000.000000000000     
   45975.000000000000     
   45950.000000000000     
   45925.000000000000     
   45900.000000000000     
   45875.000000000000     
   45850.000000000000     
   45825.000000000000     
   45800.000000000000     
   45775.000000000000     
   45750.000000000000     
   45725.000000000000     
   45700.000000000000     
   45675.000000000000     
   45650.000000000000     
   45625.000000000000     
   45600.000000000000     
   45575.000000000000     
   45550.000000000000     
   45525.000000000000     
   45500.000000000000     
   45475.000000000000     
   45450.000000000000     
   45425.000000000000     
   45400.000000000000     
   45375.000000000000     
   45350.000000000000     
   45325.000000000000     
   45300.000000000000     
   45275.000000000000     
   45250.000000000000     
   45225.000000000000     
   45200.000000000000     
   45175.000000000000     
   45150.000000000000     
   45125.000000000000     
   45100.000000000000     
   45075.000000000000     
   45050.000000000000     
   45025.000000000000     
   45000.000000000000     
   44975.000000000000     
   44950.000000000000     
   44925.000000000000     
   44900.000000000000     
   44875.000000000000     
   44850.000000000000     
   44825.000000000000     
   44800.000000000000     
   44775.000000000000     
   44750.000000000000     
   44725.000000000000     
   44700.000000000000     
   44675.000000000000     
   44650.000000000000     
   44625.000000000000     
   44600.000000000000     
   44575.000000000000     
   44550.000000000000     
   44525.000000000000     
   44500.000000000000     
   44475.000000000000     
   44450.000000000000     
   44425.000000000000     
   44400.000000000000     
   44375.000000000000     
   44350.000000000000     
   44325.000000000000     
   44300.000000000000     
   44275.000000000000     
   44250.000000000000     
   44225.000000000000     
   44200.000000000000     
   44175.000000000000     
   44150.000000000000     
   44125.000000000000     
   44100.000000000000     
   44075.000000000000     
   44050.000000000000     
   44025.000000000000     
   44000.000000000000     
   43975.000000000000     
   43950.000000000000     
   43925.000000000000     
   43900.000000000000     
   43875.000000000000     
   43850.000000000000     
   43825.000000000000     
   43800.000000000000     
   43775.000000000000     
   43750.000000000000     
   43725.000000000000     
   43700.000000000000     
   43675.000000000000     
   43650.000000000000     
   43625.000000000000     
   43600.000000000000     
   43575.000000000000     
   43550.000000000000     
   43525.000000000000     
   43500.000000000000     
   43475.000000000000     
   43450.000000000000     
   43425.000000000000     
   43400.000000000000     
   43375.000000000000     
   43350.000000000000     
   43325.000000000000     
   43300.000000000000     
   43275.000000000000     
   43250.000000000000     
   43225.000000000000     
   43200.000000000000     
   43175.000000000000     
   43150.000000000000     
   43125.000000000000     
   43100.000000000000     
   43075.000000000000     
   43050.000000000000     
   43025.000000000000     
   43000.000000000000     
   42975.000000000000     
   42950.000000000000     
   42925.000000000000     
   42900.000000000000     
   42875.000000000000     
   42850.000000000000     
   42825.000000000000     
   42800.000000000000     
   42775.000000000000     
   42750.000000000000     
   42725.000000000000     
   42700.000000000000     
   42675.000000000000     
   42650.000000000000     
   42625.000000000000     
   42600.000000000000     
   42575.000000000000     
   42550.000000000000     
   42525.000000000000     
   42500.000000000000     
   42475.000000000000     
   42450.000000000000     
   42425.000000000000     
   42400.000000000000     
   42375.000000000000     
   42350.000000000000     
   42325.000000000000     
   42300.000000000000     
   42275.000000000000     
   42250.000000000000     
   42225.000000000000     
   42200.000000000000     
   42175.000000000000     
   42150.000000000000     
   42125.000000000000     
   42100.000000000000     
   42075.000000000000     
   42050.000000000000     
   42025.000000000000     
   42000.000000000000     
   41975.000000000000     
   41950.000000000000     
   41925.000000000000     
   41900.000000000000     
   41875.000000000000     
   41850.000000000000     
   41825.000000000000     
   41800.000000000000     
   41775.000000000000     
   41750.000000000000     
   41725.000000000000     
   41700.000000000000     
   41675.000000000000     
   41650.000000000000     
   41625.000000000000     
   41600.000000000000     
   41575.000000000000     
   41550.000000000000     
   41525.000000000000     
   41500.000000000000     
   41475.000000000000     
   41450.000000000000     
   41425.000000000000     
   41400.000000000000     
   41375.000000000000     
   41350.000000000000     
   41325.000000000000     
   41300.000000000000     
   41275.000000000000     
   41250.000000000000     
   41225.000000000000     
   41200.000000000000     
   41175.000000000000     
   41150.000000000000     
   41125.000000000000     
   41100.000000000000     
   41075.000000000000     
   41050.000000000000     
   41025.000000000000     
   41000.000000000000     
   40975.000000000000     
   40950.000000000000     
   40925.000000000000     
   40900.000000000000     
   40875.000000000000     
   40850.000000000000     
   40825.000000000000     
   40800.000000000000     
   40775.000000000000     
   40750.000000000000     
   40725.000000000000     
   40700.000000000000     
   40675.000000000000     
   40650.000000000000     
   40625.000000000000     
   40600.000000000000     
   40575.000000000000     
   40550.000000000000     
   40525.000000000000     
   40500.000000000000     
   40475.000000000000     
   40450.000000000000     
   40425.000000000000     
   40400.000000000000     
   40375.000000000000     
   40350.000000000000     
   40325.000000000000     
   40300.000000000000     
   40275.000000000000     
   40250.000000000000     
   40225.000000000000     
   40200.000000000000     
   40175.000000000000     
   40150.000000000000     
   40125.000000000000     
   40100.000000000000     
   40075.000000000000     
   40050.000000000000     
   40025.000000000000     
   40000.000000000000     
   39975.000000000000     
   39950.000000000000     
   39925.000000000000     
   39900.000000000000     
   39875.000000000000     
   39850.000000000000     
   39825.000000000000     
   39800.000000000000     
   39775.000000000000     
   39750.000000000000     
   39725.000000000000     
   39700.000000000000     
   39675.000000000000     
   39650.000000000000     
   39625.000000000000     
   39600.000000000000     
   39575.000000000000     
   39550.000000000000     
   39525.000000000000     
   39500.000000000000     
   39475.000000000000     
   39450.000000000000     
   39425.000000000000     
   39400.000000000000     
   39375.000000000000     
   39350.000000000000     
   39325.000000000000     
   39300.000000000000     
   39275.000000000000     
   39250.000000000000     
   39225.000000000000     
   39200.000000000000     
   39175.000000000000     
   39150.000000000000     
   39125.000000000000     
   39100.000000000000     
   39075.000000000000     
   39050.000000000000     
   39025.000000000000     
   39000.000000000000     
   38975.000000000000     
   38950.000000000000     
   38925.000000000000     
   38900.000000000000     
   38875.000000000000     
   38850.000000000000     
   38825.000000000000     
   38800.000000000000     
   38775.000000000000     
   38750.000000000000     
   38725.000000000000     
   38700.000000000000     
   38675.000000000000     
   38650.000000000000     
   38625.000000000000     
   38600.000000000000     
   38575.000000000000     
   38550.000000000000     
   38525.000000000000     
   38500.000000000000     
   38475.000000000000     
   38450.000000000000     
   38425.000000000000     
   38400.000000000000     
   38375.000000000000     
   38350.000000000000     
   38325.000000000000     
   38300.000000000000     
   38275.000000000000     
   38250.000000000000     
   38225.000000000000     
   38200.000000000000     
   38175.000000000000     
   38150.000000000000     
   38125.000000000000     
   38100.000000000000     
   38075.000000000000     
   38050.000000000000     
   38025.000000000000     
   38000.000000000000     
   37975.000000000000     
   37950.000000000000     
   37925.000000000000     
   37900.000000000000     
   37875.000000000000     
   37850.000000000000     
   37825.000000000000     
   37800.000000000000     
   37775.000000000000     
   37750.000000000000     
   37725.000000000000     
   37700.000000000000     
   37675.000000000000     
   37650.000000000000     
   37625.000000000000     
   37600.000000000000     
   37575.000000000000     
   37550.000000000000     
   37525.000000000000     
   37500.000000000000     
   37475.000000000000     
   37450.000000000000     
   37425.000000000000     
   37400.000000000000     
   37375.000000000000     
   37350.000000000000     
   37325.000000000000     
   37300.000000000000     
   37275.000000000000     
   37250.000000000000     
   37225.000000000000     
   37200.000000000000     
   37175.000000000000     
   37150.000000000000     
   37125.000000000000     
   37100.000000000000     
   37075.000000000000     
   37050.000000000000     
   37025.000000000000     
   37000.000000000000     
   36975.000000000000     
   36950.000000000000     
   36925.000000000000     
   36900.000000000000     
   36875.000000000000     
   36850.000000000000     
   36825.000000000000     
   36800.000000000000     
   36775.000000000000     
   36750.000000000000     
   36725.000000000000     
   36700.000000000000     
   36675.000000000000     
   36650.000000000000     
   36625.000000000000     
   36600.000000000000     
   36575.000000000000     
   36550.000000000000     
   36525.000000000000     
   36500.000000000000     
   36475.000000000000     
   36450.000000000000     
   36425.000000000000     
   36400.000000000000     
   36375.000000000000     
   36350.000000000000     
   36325.000000000000     
   36300.000000000000     
   36275.000000000000     
   36250.000000000000     
   36225.000000000000     
   36200.000000000000     
   36175.000000000000     
   36150.000000000000     
   36125.000000000000     
   36100.000000000000     
   36075.000000000000     
   36050.000000000000     
   36025.000000000000     
   36000.000000000000     
   35975.000000000000     
   35950.000000000000     
   35925.000000000000     
   35900.000000000000     
   35875.000000000000     
   35850.000000000000     
   35825.000000000000     
   35800.000000000000     
   35775.000000000000     
   35750.000000000000     
   35725.000000000000     
   35700.000000000000     
   35675.000000000000     
   35650.000000000000     
   35625.000000000000     
   35600.000000000000     
   35575.000000000000     
   35550.000000000000     
   35525.000000000000     
   35500.000000000000     
   35475.000000000000     
   35450.000000000000     
   35425.000000000000     
   35400.000000000000     
   35375.000000000000     
   35350.000000000000     
   35325.000000000000     
   35300.000000000000     
   35275.000000000000     
   35250.000000000000     
   35225.000000000000     
   35200.000000000000     
   35175.000000000000     
   35150.000000000000     
   35125.000000000000     
   35100.000000000000     
   35075.000000000000     
   35050.000000000000     
   35025.000000000000     
   35000.000000000000     
   34975.000000000000     
   34950.000000000000     
   34925.000000000000     
   34900.000000000000     
   34875.000000000000     
   34850.000000000000     
   34825.000000000000     
   34800.000000000000     
   34775.000000000000     
   34750.000000000000     
   34725.000000000000     
   34700.000000000000     
   34675.000000000000     
   34650.000000000000     
   34625.000000000000     
   34600.000000000000     
   34575.000000000000     
   34550.000000000000     
   34525.000000000000     
   34500.000000000000     
   34475.000000000000     
   34450.000000000000     
   34425.000000000000     
   34400.000000000000     
   34375.000000000000     
   34350.000000000000     
   34325.000000000000     
   34300.000000000000     
   34275.000000000000     
   34250.000000000000     
   34225.000000000000     
   34200.000000000000     
   34175.000000000000     
   34150.000000000000     
   34125.000000000000     
   34100.000000000000     
   34075.000000000000     
   34050.000000000000     
   34025.000000000000     
   34000.000000000000     
   33975.000000000000     
   33950.000000000000     
   33925.000000000000     
   33900.000000000000     
   33875.000000000000     
   33850.000000000000     
   33825.000000000000     
   33800.000000000000     
   33775.000000000000     
   33750.000000000000     
   33725.000000000000     
   33700.000000000000     
   33675.000000000000     
   33650.000000000000     
   33625.000000000000     
   33600.000000000000     
   33575.000000000000     
   33550.000000000000     
   33525.000000000000     
   33500.000000000000     
   33475.000000000000     
   33450.000000000000     
   33425.000000000000     
   33400.000000000000     
   33375.000000000000     
   33350.000000000000     
   33325.000000000000     
   33300.000000000000     
   33275.000000000000     
   33250.000000000000     
   33225.000000000000     
   33200.000000000000     
   33175.000000000000     
   33150.000000000000     
   33125.000000000000     
   33100.000000000000     
   33075.000000000000     
   33050.000000000000     
   33025.000000000000     
   33000.000000000000     
   32975.000000000000     
   32950.000000000000     
   32925.000000000000     
   32900.000000000000     
   32875.000000000000     
   32850.000000000000     
   32825.000000000000     
   32800.000000000000     
   32775.000000000000     
   32750.000000000000     
   32725.000000000000     
   32700.000000000000     
   32675.000000000000     
   32650.000000000000     
   32625.000000000000     
   32600.000000000000     
   32575.000000000000     
   32550.000000000000     
   32525.000000000000     
   32500.000000000000     
   32475.000000000000     
   32450.000000000000     
   32425.000000000000     
   32400.000000000000     
   32375.000000000000     
   32350.000000000000     
   32325.000000000000     
   32300.000000000000     
   32275.000000000000     
   32250.000000000000     
   32225.000000000000     
   32200.000000000000     
   32175.000000000000     
   32150.000000000000     
   32125.000000000000     
   32100.000000000000     
   32075.000000000000     
   32050.000000000000     
   32025.000000000000     
   32000.000000000000     
   31975.000000000000     
   31950.000000000000     
   31925.000000000000     
   31900.000000000000     
   31875.000000000000     
   31850.000000000000     
   31825.000000000000     
   31800.000000000000     
   31775.000000000000     
   31750.000000000000     
   31725.000000000000     
   31700.000000000000     
   31675.000000000000     
   31650.000000000000     
   31625.000000000000     
   31600.000000000000     
   31575.000000000000     
   31550.000000000000     
   31525.000000000000     
   31500.000000000000     
   31475.000000000000     
   31450.000000000000     
   31425.000000000000     
   31400.000000000000     
   31375.000000000000     
   31350.000000000000     
   31325.000000000000     
   31300.000000000000     
   31275.000000000000     
   31250.000000000000     
   31225.000000000000     
   31200.000000000000     
   31175.000000000000     
   31150.000000000000     
   31125.000000000000     
   31100.000000000000     
   31075.000000000000     
   31050.000000000000     
   31025.000000000000     
   31000.000000000000     
   30975.000000000000     
   30950.000000000000     
   30925.000000000000     
   30900.000000000000     
   30875.000000000000     
   30850.000000000000     
   30825.000000000000     
   30800.000000000000     
   30775.000000000000     
   30750.000000000000     
   30725.000000000000     
   30700.000000000000     
   30675.000000000000     
   30650.000000000000     
   30625.000000000000     
   30600.000000000000     
   30575.000000000000     
   30550.000000000000     
   30525.000000000000     
   30500.000000000000     
   30475.000000000000     
   30450.000000000000     
   30425.000000000000     
   30400.000000000000     
   30375.000000000000     
   30350.000000000000     
   30325.000000000000     
   30300.000000000000     
   30275.000000000000     
   30250.000000000000     
   30225.000000000000     
   30200.000000000000     
   30175.000000000000     
   30150.000000000000     
   30125.000000000000     
   30100.000000000000     
   30075.000000000000     
   30050.000000000000     
   30025.000000000000     
   30000.000000000000     
   29975.000000000000     
   29950.000000000000     
   29925.000000000000     
   29900.000000000000     
   29875.000000000000     
   29850.000000000000     
   29825.000000000000     
   29800.000000000000     
   29775.000000000000     
   29750.000000000000     
   29725.000000000000     
   29700.000000000000     
   29675.000000000000     
   29650.000000000000     
   29625.000000000000     
   29600.000000000000     
   29575.000000000000     
   29550.000000000000     
   29525.000000000000     
   29500.000000000000     
   29475.000000000000     
   29450.000000000000     
   29425.000000000000     
   29400.000000000000     
   29375.000000000000     
   29350.000000000000     
   29325.000000000000     
   29300.000000000000     
   29275.000000000000     
   29250.000000000000     
   29225.000000000000     
   29200.000000000000     
   29175.000000000000     
   29150.000000000000     
   29125.000000000000     
   29100.000000000000     
   29075.000000000000     
   29050.000000000000     
   29025.000000000000     
   29000.000000000000     
   28975.000000000000     
   28950.000000000000     
   28925.000000000000     
   28900.000000000000     
   28875.000000000000     
   28850.000000000000     
   28825.000000000000     
   28800.000000000000     
   28775.000000000000     
   28750.000000000000     
   28725.000000000000     
   28700.000000000000     
   28675.000000000000     
   28650.000000000000     
   28625.000000000000     
   28600.000000000000     
   28575.000000000000     
   28550.000000000000     
   28525.000000000000     
   28500.000000000000     
   28475.000000000000     
   28450.000000000000     
   28425.000000000000     
   28400.000000000000     
   28375.000000000000     
   28350.000000000000     
   28325.000000000000     
   28300.000000000000     
   28275.000000000000     
   28250.000000000000     
   28225.000000000000     
   28200.000000000000     
   28175.000000000000     
   28150.000000000000     
   28125.000000000000     
   28100.000000000000     
   28075.000000000000     
   28050.000000000000     
   28025.000000000000     
   28000.000000000000     
   27975.000000000000     
   27950.000000000000     
   27925.000000000000     
   27900.000000000000     
   27875.000000000000     
   27850.000000000000     
   27825.000000000000     
   27800.000000000000     
   27775.000000000000     
   27750.000000000000     
   27725.000000000000     
   27700.000000000000     
   27675.000000000000     
   27650.000000000000     
   27625.000000000000     
   27575.000000000000     
